<?xml version="1.0" encoding="ISO-8859-1"?>
<sculpture>
	<elements>
		<element id="0">
			<motors>
				<motor id="0">
					<position x="-10.0" y="0.0" z="0.0"/>
					<connectionPosition x="-10.0" y="15.0" z="0.0"/>
				</motor>
				<bounds/>
				<centroid x="0.0" y="15.0" z="0.0"/>
			</motors>
			<matrix m00="1.0" m01="0.0" m02="0.0" m03="0.0" m10="0.0" m11="1.0" m12="0.0" m13="0.0" m20="0.0" m21="0.0" m22="1.0" m23="0.0" m30="60.0" m31="0.0" m32="0.0" m33="1.0"/>
			<id_sources/>
		</element>
		<element id="1">
			<motors>
				<motor id="2">
					<position x="-10.0" y="0.0" z="0.0"/>
					<connectionPosition x="-10.0" y="15.0" z="0.0"/>
				</motor>
				<bounds/>
				<centroid x="0.0" y="15.0" z="0.0"/>
			</motors>
			<matrix m00="0.9986295347545738" m01="0.0" m02="-0.05233595624294383" m03="0.0" m10="0.0" m11="1.0" m12="0.0" m13="0.0" m20="0.05233595624294383" m21="0.0" m22="0.9986295347545738" m23="0.0" m30="59.91777208527443" m31="0.0" m32="3.1401573745766296" m33="1.0"/>
			<id_sources/>
		</element>
		<element id="2">
			<motors>
				<motor id="4">
					<position x="-10.0" y="0.0" z="0.0"/>
					<connectionPosition x="-10.0" y="15.0" z="0.0"/>
				</motor>
				<bounds/>
				<centroid x="0.0" y="15.0" z="0.0"/>
			</motors>
			<matrix m00="0.9945218953682733" m01="0.0" m02="-0.10452846326765346" m03="0.0" m10="0.0" m11="1.0" m12="0.0" m13="0.0" m20="0.10452846326765346" m21="0.0" m22="0.9945218953682733" m23="0.0" m30="59.6713137220964" m31="0.0" m32="6.271707796059207" m33="1.0"/>
			<id_sources/>
		</element>
		<element id="3">
			<motors>
				<motor id="6">
					<position x="-10.0" y="0.0" z="0.0"/>
					<connectionPosition x="-10.0" y="15.0" z="0.0"/>
				</motor>
				<bounds/>
				<centroid x="0.0" y="15.0" z="0.0"/>
			</motors>
			<matrix m00="0.9876883405951378" m01="0.0" m02="-0.15643446504023087" m03="0.0" m10="0.0" m11="1.0" m12="0.0" m13="0.0" m20="0.15643446504023087" m21="0.0" m22="0.9876883405951378" m23="0.0" m30="59.261300435708264" m31="0.0" m32="9.386067902413853" m33="1.0"/>
			<id_sources/>
		</element>
		<element id="4">
			<motors>
				<motor id="8">
					<position x="-10.0" y="0.0" z="0.0"/>
					<connectionPosition x="-10.0" y="15.0" z="0.0"/>
				</motor>
				<bounds/>
				<centroid x="0.0" y="15.0" z="0.0"/>
			</motors>
			<matrix m00="0.9781476007338057" m01="0.0" m02="-0.20791169081775931" m03="0.0" m10="0.0" m11="1.0" m12="0.0" m13="0.0" m20="0.20791169081775931" m21="0.0" m22="0.9781476007338057" m23="0.0" m30="58.68885604402834" m31="0.0" m32="12.47470144906556" m33="1.0"/>
			<id_sources/>
		</element>
		<element id="5">
			<motors>
				<motor id="10">
					<position x="-10.0" y="0.0" z="0.0"/>
					<connectionPosition x="-10.0" y="15.0" z="0.0"/>
				</motor>
				<bounds/>
				<centroid x="0.0" y="15.0" z="0.0"/>
			</motors>
			<matrix m00="0.9659258262890683" m01="0.0" m02="-0.25881904510252074" m03="0.0" m10="0.0" m11="1.0" m12="0.0" m13="0.0" m20="0.25881904510252074" m21="0.0" m22="0.9659258262890683" m23="0.0" m30="57.9555495773441" m31="0.0" m32="15.529142706151244" m33="1.0"/>
			<id_sources/>
		</element>
		<element id="6">
			<motors>
				<motor id="12">
					<position x="-10.0" y="0.0" z="0.0"/>
					<connectionPosition x="-10.0" y="15.0" z="0.0"/>
				</motor>
				<bounds/>
				<centroid x="0.0" y="15.0" z="0.0"/>
			</motors>
			<matrix m00="0.9510565162951535" m01="0.0" m02="-0.3090169943749474" m03="0.0" m10="0.0" m11="1.0" m12="0.0" m13="0.0" m20="0.3090169943749474" m21="0.0" m22="0.9510565162951535" m23="0.0" m30="57.06339097770921" m31="0.0" m32="18.541019662496844" m33="1.0"/>
			<id_sources/>
		</element>
		<element id="7">
			<motors>
				<motor id="14">
					<position x="-10.0" y="0.0" z="0.0"/>
					<connectionPosition x="-10.0" y="15.0" z="0.0"/>
				</motor>
				<bounds/>
				<centroid x="0.0" y="15.0" z="0.0"/>
			</motors>
			<matrix m00="0.9335804264972017" m01="0.0" m02="-0.35836794954530027" m03="0.0" m10="0.0" m11="1.0" m12="0.0" m13="0.0" m20="0.35836794954530027" m21="0.0" m22="0.9335804264972017" m23="0.0" m30="56.01482558983211" m31="0.0" m32="21.502076972718015" m33="1.0"/>
			<id_sources/>
		</element>
		<element id="8">
			<motors>
				<motor id="16">
					<position x="-10.0" y="0.0" z="0.0"/>
					<connectionPosition x="-10.0" y="15.0" z="0.0"/>
				</motor>
				<bounds/>
				<centroid x="0.0" y="15.0" z="0.0"/>
			</motors>
			<matrix m00="0.9135454576426009" m01="0.0" m02="-0.40673664307580015" m03="0.0" m10="0.0" m11="1.0" m12="0.0" m13="0.0" m20="0.40673664307580015" m21="0.0" m22="0.9135454576426009" m23="0.0" m30="54.812727458556054" m31="0.0" m32="24.40419858454801" m33="1.0"/>
			<id_sources/>
		</element>
		<element id="9">
			<motors>
				<motor id="18">
					<position x="-10.0" y="0.0" z="0.0"/>
					<connectionPosition x="-10.0" y="15.0" z="0.0"/>
				</motor>
				<bounds/>
				<centroid x="0.0" y="15.0" z="0.0"/>
			</motors>
			<matrix m00="0.8910065241883679" m01="0.0" m02="-0.45399049973954675" m03="0.0" m10="0.0" m11="1.0" m12="0.0" m13="0.0" m20="0.45399049973954675" m21="0.0" m22="0.8910065241883679" m23="0.0" m30="53.46039145130207" m31="0.0" m32="27.239429984372805" m33="1.0"/>
			<id_sources/>
		</element>
		<element id="10">
			<motors>
				<motor id="20">
					<position x="-10.0" y="0.0" z="0.0"/>
					<connectionPosition x="-10.0" y="15.0" z="0.0"/>
				</motor>
				<bounds/>
				<centroid x="0.0" y="15.0" z="0.0"/>
			</motors>
			<matrix m00="0.8660254037844387" m01="0.0" m02="-0.49999999999999994" m03="0.0" m10="0.0" m11="1.0" m12="0.0" m13="0.0" m20="0.49999999999999994" m21="0.0" m22="0.8660254037844387" m23="0.0" m30="51.96152422706632" m31="0.0" m32="29.999999999999996" m33="1.0"/>
			<id_sources/>
		</element>
		<element id="11">
			<motors>
				<motor id="22">
					<position x="-10.0" y="0.0" z="0.0"/>
					<connectionPosition x="-10.0" y="15.0" z="0.0"/>
				</motor>
				<bounds/>
				<centroid x="0.0" y="15.0" z="0.0"/>
			</motors>
			<matrix m00="0.838670567945424" m01="0.0" m02="-0.544639035015027" m03="0.0" m10="0.0" m11="1.0" m12="0.0" m13="0.0" m20="0.544639035015027" m21="0.0" m22="0.838670567945424" m23="0.0" m30="50.32023407672544" m31="0.0" m32="32.67834210090162" m33="1.0"/>
			<id_sources/>
		</element>
		<element id="12">
			<motors>
				<motor id="24">
					<position x="-10.0" y="0.0" z="0.0"/>
					<connectionPosition x="-10.0" y="15.0" z="0.0"/>
				</motor>
				<bounds/>
				<centroid x="0.0" y="15.0" z="0.0"/>
			</motors>
			<matrix m00="0.8090169943749475" m01="0.0" m02="-0.5877852522924731" m03="0.0" m10="0.0" m11="1.0" m12="0.0" m13="0.0" m20="0.5877852522924731" m21="0.0" m22="0.8090169943749475" m23="0.0" m30="48.54101966249685" m31="0.0" m32="35.26711513754839" m33="1.0"/>
			<id_sources/>
		</element>
		<element id="13">
			<motors>
				<motor id="26">
					<position x="-10.0" y="0.0" z="0.0"/>
					<connectionPosition x="-10.0" y="15.0" z="0.0"/>
				</motor>
				<bounds/>
				<centroid x="0.0" y="15.0" z="0.0"/>
			</motors>
			<matrix m00="0.7771459614569709" m01="0.0" m02="-0.6293203910498375" m03="0.0" m10="0.0" m11="1.0" m12="0.0" m13="0.0" m20="0.6293203910498375" m21="0.0" m22="0.7771459614569709" m23="0.0" m30="46.62875768741826" m31="0.0" m32="37.75922346299025" m33="1.0"/>
			<id_sources/>
		</element>
		<element id="14">
			<motors>
				<motor id="28">
					<position x="-10.0" y="0.0" z="0.0"/>
					<connectionPosition x="-10.0" y="15.0" z="0.0"/>
				</motor>
				<bounds/>
				<centroid x="0.0" y="15.0" z="0.0"/>
			</motors>
			<matrix m00="0.7431448254773942" m01="0.0" m02="-0.6691306063588582" m03="0.0" m10="0.0" m11="1.0" m12="0.0" m13="0.0" m20="0.6691306063588582" m21="0.0" m22="0.7431448254773942" m23="0.0" m30="44.588689528643656" m31="0.0" m32="40.14783638153149" m33="1.0"/>
			<id_sources/>
		</element>
		<element id="15">
			<motors>
				<motor id="30">
					<position x="-10.0" y="0.0" z="0.0"/>
					<connectionPosition x="-10.0" y="15.0" z="0.0"/>
				</motor>
				<bounds/>
				<centroid x="0.0" y="15.0" z="0.0"/>
			</motors>
			<matrix m00="0.7071067811865476" m01="0.0" m02="-0.7071067811865475" m03="0.0" m10="0.0" m11="1.0" m12="0.0" m13="0.0" m20="0.7071067811865475" m21="0.0" m22="0.7071067811865476" m23="0.0" m30="42.42640687119285" m31="0.0" m32="42.426406871192846" m33="1.0"/>
			<id_sources/>
		</element>
		<element id="16">
			<motors>
				<motor id="32">
					<position x="-10.0" y="0.0" z="0.0"/>
					<connectionPosition x="-10.0" y="15.0" z="0.0"/>
				</motor>
				<bounds/>
				<centroid x="0.0" y="15.0" z="0.0"/>
			</motors>
			<matrix m00="0.6691306063588582" m01="0.0" m02="-0.7431448254773942" m03="0.0" m10="0.0" m11="1.0" m12="0.0" m13="0.0" m20="0.7431448254773942" m21="0.0" m22="0.6691306063588582" m23="0.0" m30="40.14783638153149" m31="0.0" m32="44.588689528643656" m33="1.0"/>
			<id_sources/>
		</element>
		<element id="17">
			<motors>
				<motor id="34">
					<position x="-10.0" y="0.0" z="0.0"/>
					<connectionPosition x="-10.0" y="15.0" z="0.0"/>
				</motor>
				<bounds/>
				<centroid x="0.0" y="15.0" z="0.0"/>
			</motors>
			<matrix m00="0.6293203910498375" m01="0.0" m02="-0.7771459614569708" m03="0.0" m10="0.0" m11="1.0" m12="0.0" m13="0.0" m20="0.7771459614569708" m21="0.0" m22="0.6293203910498375" m23="0.0" m30="37.75922346299025" m31="0.0" m32="46.62875768741825" m33="1.0"/>
			<id_sources/>
		</element>
		<element id="18">
			<motors>
				<motor id="36">
					<position x="-10.0" y="0.0" z="0.0"/>
					<connectionPosition x="-10.0" y="15.0" z="0.0"/>
				</motor>
				<bounds/>
				<centroid x="0.0" y="15.0" z="0.0"/>
			</motors>
			<matrix m00="0.5877852522924731" m01="0.0" m02="-0.8090169943749475" m03="0.0" m10="0.0" m11="1.0" m12="0.0" m13="0.0" m20="0.8090169943749475" m21="0.0" m22="0.5877852522924731" m23="0.0" m30="35.26711513754839" m31="0.0" m32="48.54101966249685" m33="1.0"/>
			<id_sources/>
		</element>
		<element id="19">
			<motors>
				<motor id="38">
					<position x="-10.0" y="0.0" z="0.0"/>
					<connectionPosition x="-10.0" y="15.0" z="0.0"/>
				</motor>
				<bounds/>
				<centroid x="0.0" y="15.0" z="0.0"/>
			</motors>
			<matrix m00="0.5446390350150272" m01="0.0" m02="-0.8386705679454239" m03="0.0" m10="0.0" m11="1.0" m12="0.0" m13="0.0" m20="0.8386705679454239" m21="0.0" m22="0.5446390350150272" m23="0.0" m30="32.67834210090163" m31="0.0" m32="50.320234076725434" m33="1.0"/>
			<id_sources/>
		</element>
		<element id="20">
			<motors>
				<motor id="40">
					<position x="-10.0" y="0.0" z="0.0"/>
					<connectionPosition x="-10.0" y="15.0" z="0.0"/>
				</motor>
				<bounds/>
				<centroid x="0.0" y="15.0" z="0.0"/>
			</motors>
			<matrix m00="0.5000000000000001" m01="0.0" m02="-0.8660254037844386" m03="0.0" m10="0.0" m11="1.0" m12="0.0" m13="0.0" m20="0.8660254037844386" m21="0.0" m22="0.5000000000000001" m23="0.0" m30="30.000000000000007" m31="0.0" m32="51.96152422706631" m33="1.0"/>
			<id_sources/>
		</element>
		<element id="21">
			<motors>
				<motor id="42">
					<position x="-10.0" y="0.0" z="0.0"/>
					<connectionPosition x="-10.0" y="15.0" z="0.0"/>
				</motor>
				<bounds/>
				<centroid x="0.0" y="15.0" z="0.0"/>
			</motors>
			<matrix m00="0.45399049973954686" m01="0.0" m02="-0.8910065241883678" m03="0.0" m10="0.0" m11="1.0" m12="0.0" m13="0.0" m20="0.8910065241883678" m21="0.0" m22="0.45399049973954686" m23="0.0" m30="27.239429984372812" m31="0.0" m32="53.460391451302065" m33="1.0"/>
			<id_sources/>
		</element>
		<element id="22">
			<motors>
				<motor id="44">
					<position x="-10.0" y="0.0" z="0.0"/>
					<connectionPosition x="-10.0" y="15.0" z="0.0"/>
				</motor>
				<bounds/>
				<centroid x="0.0" y="15.0" z="0.0"/>
			</motors>
			<matrix m00="0.4067366430758004" m01="0.0" m02="-0.9135454576426009" m03="0.0" m10="0.0" m11="1.0" m12="0.0" m13="0.0" m20="0.9135454576426009" m21="0.0" m22="0.4067366430758004" m23="0.0" m30="24.404198584548023" m31="0.0" m32="54.812727458556054" m33="1.0"/>
			<id_sources/>
		</element>
		<element id="23">
			<motors>
				<motor id="46">
					<position x="-10.0" y="0.0" z="0.0"/>
					<connectionPosition x="-10.0" y="15.0" z="0.0"/>
				</motor>
				<bounds/>
				<centroid x="0.0" y="15.0" z="0.0"/>
			</motors>
			<matrix m00="0.35836794954530016" m01="0.0" m02="-0.9335804264972017" m03="0.0" m10="0.0" m11="1.0" m12="0.0" m13="0.0" m20="0.9335804264972017" m21="0.0" m22="0.35836794954530016" m23="0.0" m30="21.502076972718008" m31="0.0" m32="56.01482558983211" m33="1.0"/>
			<id_sources/>
		</element>
		<element id="24">
			<motors>
				<motor id="48">
					<position x="-10.0" y="0.0" z="0.0"/>
					<connectionPosition x="-10.0" y="15.0" z="0.0"/>
				</motor>
				<bounds/>
				<centroid x="0.0" y="15.0" z="0.0"/>
			</motors>
			<matrix m00="0.30901699437494745" m01="0.0" m02="-0.9510565162951535" m03="0.0" m10="0.0" m11="1.0" m12="0.0" m13="0.0" m20="0.9510565162951535" m21="0.0" m22="0.30901699437494745" m23="0.0" m30="18.541019662496847" m31="0.0" m32="57.06339097770921" m33="1.0"/>
			<id_sources/>
		</element>
		<element id="25">
			<motors>
				<motor id="50">
					<position x="-10.0" y="0.0" z="0.0"/>
					<connectionPosition x="-10.0" y="15.0" z="0.0"/>
				</motor>
				<bounds/>
				<centroid x="0.0" y="15.0" z="0.0"/>
			</motors>
			<matrix m00="0.25881904510252074" m01="0.0" m02="-0.9659258262890683" m03="0.0" m10="0.0" m11="1.0" m12="0.0" m13="0.0" m20="0.9659258262890683" m21="0.0" m22="0.25881904510252074" m23="0.0" m30="15.529142706151244" m31="0.0" m32="57.9555495773441" m33="1.0"/>
			<id_sources/>
		</element>
		<element id="26">
			<motors>
				<motor id="52">
					<position x="-10.0" y="0.0" z="0.0"/>
					<connectionPosition x="-10.0" y="15.0" z="0.0"/>
				</motor>
				<bounds/>
				<centroid x="0.0" y="15.0" z="0.0"/>
			</motors>
			<matrix m00="0.20791169081775923" m01="0.0" m02="-0.9781476007338057" m03="0.0" m10="0.0" m11="1.0" m12="0.0" m13="0.0" m20="0.9781476007338057" m21="0.0" m22="0.20791169081775923" m23="0.0" m30="12.474701449065554" m31="0.0" m32="58.68885604402834" m33="1.0"/>
			<id_sources/>
		</element>
		<element id="27">
			<motors>
				<motor id="54">
					<position x="-10.0" y="0.0" z="0.0"/>
					<connectionPosition x="-10.0" y="15.0" z="0.0"/>
				</motor>
				<bounds/>
				<centroid x="0.0" y="15.0" z="0.0"/>
			</motors>
			<matrix m00="0.15643446504023092" m01="0.0" m02="-0.9876883405951378" m03="0.0" m10="0.0" m11="1.0" m12="0.0" m13="0.0" m20="0.9876883405951378" m21="0.0" m22="0.15643446504023092" m23="0.0" m30="9.386067902413856" m31="0.0" m32="59.261300435708264" m33="1.0"/>
			<id_sources/>
		</element>
		<element id="28">
			<motors>
				<motor id="56">
					<position x="-10.0" y="0.0" z="0.0"/>
					<connectionPosition x="-10.0" y="15.0" z="0.0"/>
				</motor>
				<bounds/>
				<centroid x="0.0" y="15.0" z="0.0"/>
			</motors>
			<matrix m00="0.10452846326765346" m01="0.0" m02="-0.9945218953682733" m03="0.0" m10="0.0" m11="1.0" m12="0.0" m13="0.0" m20="0.9945218953682733" m21="0.0" m22="0.10452846326765346" m23="0.0" m30="6.271707796059207" m31="0.0" m32="59.6713137220964" m33="1.0"/>
			<id_sources/>
		</element>
		<element id="29">
			<motors>
				<motor id="58">
					<position x="-10.0" y="0.0" z="0.0"/>
					<connectionPosition x="-10.0" y="15.0" z="0.0"/>
				</motor>
				<bounds/>
				<centroid x="0.0" y="15.0" z="0.0"/>
			</motors>
			<matrix m00="0.052335956242943966" m01="0.0" m02="-0.9986295347545738" m03="0.0" m10="0.0" m11="1.0" m12="0.0" m13="0.0" m20="0.9986295347545738" m21="0.0" m22="0.052335956242943966" m23="0.0" m30="3.140157374576638" m31="0.0" m32="59.91777208527443" m33="1.0"/>
			<id_sources/>
		</element>
		<element id="30">
			<motors>
				<motor id="60">
					<position x="-10.0" y="0.0" z="0.0"/>
					<connectionPosition x="-10.0" y="15.0" z="0.0"/>
				</motor>
				<bounds/>
				<centroid x="0.0" y="15.0" z="0.0"/>
			</motors>
			<matrix m00="6.123233995736766E-17" m01="0.0" m02="-1.0" m03="0.0" m10="0.0" m11="1.0" m12="0.0" m13="0.0" m20="1.0" m21="0.0" m22="6.123233995736766E-17" m23="0.0" m30="3.67394039744206E-15" m31="0.0" m32="60.0" m33="1.0"/>
			<id_sources/>
		</element>
		<element id="31">
			<motors>
				<motor id="62">
					<position x="-10.0" y="0.0" z="0.0"/>
					<connectionPosition x="-10.0" y="15.0" z="0.0"/>
				</motor>
				<bounds/>
				<centroid x="0.0" y="15.0" z="0.0"/>
			</motors>
			<matrix m00="-0.05233595624294384" m01="-0.0" m02="-0.9986295347545738" m03="-0.0" m10="0.0" m11="1.0" m12="0.0" m13="0.0" m20="0.9986295347545738" m21="0.0" m22="-0.05233595624294384" m23="0.0" m30="-3.1401573745766305" m31="0.0" m32="59.91777208527443" m33="1.0"/>
			<id_sources/>
		</element>
		<element id="32">
			<motors>
				<motor id="64">
					<position x="-10.0" y="0.0" z="0.0"/>
					<connectionPosition x="-10.0" y="15.0" z="0.0"/>
				</motor>
				<bounds/>
				<centroid x="0.0" y="15.0" z="0.0"/>
			</motors>
			<matrix m00="-0.10452846326765333" m01="-0.0" m02="-0.9945218953682734" m03="-0.0" m10="0.0" m11="1.0" m12="0.0" m13="0.0" m20="0.9945218953682734" m21="0.0" m22="-0.10452846326765333" m23="0.0" m30="-6.2717077960592" m31="0.0" m32="59.67131372209641" m33="1.0"/>
			<id_sources/>
		</element>
		<element id="33">
			<motors>
				<motor id="66">
					<position x="-10.0" y="0.0" z="0.0"/>
					<connectionPosition x="-10.0" y="15.0" z="0.0"/>
				</motor>
				<bounds/>
				<centroid x="0.0" y="15.0" z="0.0"/>
			</motors>
			<matrix m00="-0.15643446504023104" m01="-0.0" m02="-0.9876883405951377" m03="-0.0" m10="0.0" m11="1.0" m12="0.0" m13="0.0" m20="0.9876883405951377" m21="0.0" m22="-0.15643446504023104" m23="0.0" m30="-9.386067902413862" m31="0.0" m32="59.26130043570826" m33="1.0"/>
			<id_sources/>
		</element>
		<element id="34">
			<motors>
				<motor id="68">
					<position x="-10.0" y="0.0" z="0.0"/>
					<connectionPosition x="-10.0" y="15.0" z="0.0"/>
				</motor>
				<bounds/>
				<centroid x="0.0" y="15.0" z="0.0"/>
			</motors>
			<matrix m00="-0.20791169081775912" m01="-0.0" m02="-0.9781476007338057" m03="-0.0" m10="0.0" m11="1.0" m12="0.0" m13="0.0" m20="0.9781476007338057" m21="0.0" m22="-0.20791169081775912" m23="0.0" m30="-12.474701449065547" m31="0.0" m32="58.68885604402834" m33="1.0"/>
			<id_sources/>
		</element>
		<element id="35">
			<motors>
				<motor id="70">
					<position x="-10.0" y="0.0" z="0.0"/>
					<connectionPosition x="-10.0" y="15.0" z="0.0"/>
				</motor>
				<bounds/>
				<centroid x="0.0" y="15.0" z="0.0"/>
			</motors>
			<matrix m00="-0.25881904510252085" m01="-0.0" m02="-0.9659258262890683" m03="-0.0" m10="0.0" m11="1.0" m12="0.0" m13="0.0" m20="0.9659258262890683" m21="0.0" m22="-0.25881904510252085" m23="0.0" m30="-15.529142706151251" m31="0.0" m32="57.9555495773441" m33="1.0"/>
			<id_sources/>
		</element>
		<element id="36">
			<motors>
				<motor id="72">
					<position x="-10.0" y="0.0" z="0.0"/>
					<connectionPosition x="-10.0" y="15.0" z="0.0"/>
				</motor>
				<bounds/>
				<centroid x="0.0" y="15.0" z="0.0"/>
			</motors>
			<matrix m00="-0.30901699437494734" m01="-0.0" m02="-0.9510565162951536" m03="-0.0" m10="0.0" m11="1.0" m12="0.0" m13="0.0" m20="0.9510565162951536" m21="0.0" m22="-0.30901699437494734" m23="0.0" m30="-18.54101966249684" m31="0.0" m32="57.06339097770922" m33="1.0"/>
			<id_sources/>
		</element>
		<element id="37">
			<motors>
				<motor id="74">
					<position x="-10.0" y="0.0" z="0.0"/>
					<connectionPosition x="-10.0" y="15.0" z="0.0"/>
				</motor>
				<bounds/>
				<centroid x="0.0" y="15.0" z="0.0"/>
			</motors>
			<matrix m00="-0.35836794954530027" m01="-0.0" m02="-0.9335804264972017" m03="-0.0" m10="0.0" m11="1.0" m12="0.0" m13="0.0" m20="0.9335804264972017" m21="0.0" m22="-0.35836794954530027" m23="0.0" m30="-21.502076972718015" m31="0.0" m32="56.01482558983211" m33="1.0"/>
			<id_sources/>
		</element>
		<element id="38">
			<motors>
				<motor id="76">
					<position x="-10.0" y="0.0" z="0.0"/>
					<connectionPosition x="-10.0" y="15.0" z="0.0"/>
				</motor>
				<bounds/>
				<centroid x="0.0" y="15.0" z="0.0"/>
			</motors>
			<matrix m00="-0.4067366430758001" m01="-0.0" m02="-0.913545457642601" m03="-0.0" m10="0.0" m11="1.0" m12="0.0" m13="0.0" m20="0.913545457642601" m21="0.0" m22="-0.4067366430758001" m23="0.0" m30="-24.404198584548006" m31="0.0" m32="54.81272745855606" m33="1.0"/>
			<id_sources/>
		</element>
		<element id="39">
			<motors>
				<motor id="78">
					<position x="-10.0" y="0.0" z="0.0"/>
					<connectionPosition x="-10.0" y="15.0" z="0.0"/>
				</motor>
				<bounds/>
				<centroid x="0.0" y="15.0" z="0.0"/>
			</motors>
			<matrix m00="-0.45399049973954675" m01="-0.0" m02="-0.8910065241883679" m03="-0.0" m10="0.0" m11="1.0" m12="0.0" m13="0.0" m20="0.8910065241883679" m21="0.0" m22="-0.45399049973954675" m23="0.0" m30="-27.239429984372805" m31="0.0" m32="53.46039145130207" m33="1.0"/>
			<id_sources/>
		</element>
		<element id="40">
			<motors>
				<motor id="80">
					<position x="-10.0" y="0.0" z="0.0"/>
					<connectionPosition x="-10.0" y="15.0" z="0.0"/>
				</motor>
				<bounds/>
				<centroid x="0.0" y="15.0" z="0.0"/>
			</motors>
			<matrix m00="-0.4999999999999998" m01="-0.0" m02="-0.8660254037844387" m03="-0.0" m10="0.0" m11="1.0" m12="0.0" m13="0.0" m20="0.8660254037844387" m21="0.0" m22="-0.4999999999999998" m23="0.0" m30="-29.999999999999986" m31="0.0" m32="51.96152422706632" m33="1.0"/>
			<id_sources/>
		</element>
		<element id="41">
			<motors>
				<motor id="82">
					<position x="-10.0" y="0.0" z="0.0"/>
					<connectionPosition x="-10.0" y="15.0" z="0.0"/>
				</motor>
				<bounds/>
				<centroid x="0.0" y="15.0" z="0.0"/>
			</motors>
			<matrix m00="-0.5446390350150271" m01="-0.0" m02="-0.838670567945424" m03="-0.0" m10="0.0" m11="1.0" m12="0.0" m13="0.0" m20="0.838670567945424" m21="0.0" m22="-0.5446390350150271" m23="0.0" m30="-32.678342100901624" m31="0.0" m32="50.32023407672544" m33="1.0"/>
			<id_sources/>
		</element>
		<element id="42">
			<motors>
				<motor id="84">
					<position x="-10.0" y="0.0" z="0.0"/>
					<connectionPosition x="-10.0" y="15.0" z="0.0"/>
				</motor>
				<bounds/>
				<centroid x="0.0" y="15.0" z="0.0"/>
			</motors>
			<matrix m00="-0.587785252292473" m01="-0.0" m02="-0.8090169943749475" m03="-0.0" m10="0.0" m11="1.0" m12="0.0" m13="0.0" m20="0.8090169943749475" m21="0.0" m22="-0.587785252292473" m23="0.0" m30="-35.26711513754838" m31="0.0" m32="48.54101966249685" m33="1.0"/>
			<id_sources/>
		</element>
		<element id="43">
			<motors>
				<motor id="86">
					<position x="-10.0" y="0.0" z="0.0"/>
					<connectionPosition x="-10.0" y="15.0" z="0.0"/>
				</motor>
				<bounds/>
				<centroid x="0.0" y="15.0" z="0.0"/>
			</motors>
			<matrix m00="-0.6293203910498373" m01="-0.0" m02="-0.777145961456971" m03="-0.0" m10="0.0" m11="1.0" m12="0.0" m13="0.0" m20="0.777145961456971" m21="0.0" m22="-0.6293203910498373" m23="0.0" m30="-37.759223462990235" m31="0.0" m32="46.62875768741826" m33="1.0"/>
			<id_sources/>
		</element>
		<element id="44">
			<motors>
				<motor id="88">
					<position x="-10.0" y="0.0" z="0.0"/>
					<connectionPosition x="-10.0" y="15.0" z="0.0"/>
				</motor>
				<bounds/>
				<centroid x="0.0" y="15.0" z="0.0"/>
			</motors>
			<matrix m00="-0.6691306063588579" m01="-0.0" m02="-0.7431448254773945" m03="-0.0" m10="0.0" m11="1.0" m12="0.0" m13="0.0" m20="0.7431448254773945" m21="0.0" m22="-0.6691306063588579" m23="0.0" m30="-40.14783638153148" m31="0.0" m32="44.58868952864367" m33="1.0"/>
			<id_sources/>
		</element>
		<element id="45">
			<motors>
				<motor id="90">
					<position x="-10.0" y="0.0" z="0.0"/>
					<connectionPosition x="-10.0" y="15.0" z="0.0"/>
				</motor>
				<bounds/>
				<centroid x="0.0" y="15.0" z="0.0"/>
			</motors>
			<matrix m00="-0.7071067811865475" m01="-0.0" m02="-0.7071067811865476" m03="-0.0" m10="0.0" m11="1.0" m12="0.0" m13="0.0" m20="0.7071067811865476" m21="0.0" m22="-0.7071067811865475" m23="0.0" m30="-42.426406871192846" m31="0.0" m32="42.42640687119285" m33="1.0"/>
			<id_sources/>
		</element>
		<element id="46">
			<motors>
				<motor id="92">
					<position x="-10.0" y="0.0" z="0.0"/>
					<connectionPosition x="-10.0" y="15.0" z="0.0"/>
				</motor>
				<bounds/>
				<centroid x="0.0" y="15.0" z="0.0"/>
			</motors>
			<matrix m00="-0.7431448254773944" m01="-0.0" m02="-0.669130606358858" m03="-0.0" m10="0.0" m11="1.0" m12="0.0" m13="0.0" m20="0.669130606358858" m21="0.0" m22="-0.7431448254773944" m23="0.0" m30="-44.58868952864366" m31="0.0" m32="40.147836381531484" m33="1.0"/>
			<id_sources/>
		</element>
		<element id="47">
			<motors>
				<motor id="94">
					<position x="-10.0" y="0.0" z="0.0"/>
					<connectionPosition x="-10.0" y="15.0" z="0.0"/>
				</motor>
				<bounds/>
				<centroid x="0.0" y="15.0" z="0.0"/>
			</motors>
			<matrix m00="-0.7771459614569709" m01="-0.0" m02="-0.6293203910498374" m03="-0.0" m10="0.0" m11="1.0" m12="0.0" m13="0.0" m20="0.6293203910498374" m21="0.0" m22="-0.7771459614569709" m23="0.0" m30="-46.62875768741826" m31="0.0" m32="37.75922346299024" m33="1.0"/>
			<id_sources/>
		</element>
		<element id="48">
			<motors>
				<motor id="96">
					<position x="-10.0" y="0.0" z="0.0"/>
					<connectionPosition x="-10.0" y="15.0" z="0.0"/>
				</motor>
				<bounds/>
				<centroid x="0.0" y="15.0" z="0.0"/>
			</motors>
			<matrix m00="-0.8090169943749473" m01="-0.0" m02="-0.5877852522924732" m03="-0.0" m10="0.0" m11="1.0" m12="0.0" m13="0.0" m20="0.5877852522924732" m21="0.0" m22="-0.8090169943749473" m23="0.0" m30="-48.54101966249684" m31="0.0" m32="35.267115137548394" m33="1.0"/>
			<id_sources/>
		</element>
		<element id="49">
			<motors>
				<motor id="98">
					<position x="-10.0" y="0.0" z="0.0"/>
					<connectionPosition x="-10.0" y="15.0" z="0.0"/>
				</motor>
				<bounds/>
				<centroid x="0.0" y="15.0" z="0.0"/>
			</motors>
			<matrix m00="-0.8386705679454239" m01="-0.0" m02="-0.5446390350150273" m03="-0.0" m10="0.0" m11="1.0" m12="0.0" m13="0.0" m20="0.5446390350150273" m21="0.0" m22="-0.8386705679454239" m23="0.0" m30="-50.320234076725434" m31="0.0" m32="32.67834210090164" m33="1.0"/>
			<id_sources/>
		</element>
		<element id="50">
			<motors>
				<motor id="100">
					<position x="-10.0" y="0.0" z="0.0"/>
					<connectionPosition x="-10.0" y="15.0" z="0.0"/>
				</motor>
				<bounds/>
				<centroid x="0.0" y="15.0" z="0.0"/>
			</motors>
			<matrix m00="-0.8660254037844387" m01="-0.0" m02="-0.49999999999999994" m03="-0.0" m10="0.0" m11="1.0" m12="0.0" m13="0.0" m20="0.49999999999999994" m21="0.0" m22="-0.8660254037844387" m23="0.0" m30="-51.96152422706632" m31="0.0" m32="29.999999999999996" m33="1.0"/>
			<id_sources/>
		</element>
		<element id="51">
			<motors>
				<motor id="102">
					<position x="-10.0" y="0.0" z="0.0"/>
					<connectionPosition x="-10.0" y="15.0" z="0.0"/>
				</motor>
				<bounds/>
				<centroid x="0.0" y="15.0" z="0.0"/>
			</motors>
			<matrix m00="-0.8910065241883678" m01="-0.0" m02="-0.45399049973954686" m03="-0.0" m10="0.0" m11="1.0" m12="0.0" m13="0.0" m20="0.45399049973954686" m21="0.0" m22="-0.8910065241883678" m23="0.0" m30="-53.460391451302065" m31="0.0" m32="27.239429984372812" m33="1.0"/>
			<id_sources/>
		</element>
		<element id="52">
			<motors>
				<motor id="104">
					<position x="-10.0" y="0.0" z="0.0"/>
					<connectionPosition x="-10.0" y="15.0" z="0.0"/>
				</motor>
				<bounds/>
				<centroid x="0.0" y="15.0" z="0.0"/>
			</motors>
			<matrix m00="-0.913545457642601" m01="-0.0" m02="-0.40673664307580004" m03="-0.0" m10="0.0" m11="1.0" m12="0.0" m13="0.0" m20="0.40673664307580004" m21="0.0" m22="-0.913545457642601" m23="0.0" m30="-54.81272745855606" m31="0.0" m32="24.404198584548002" m33="1.0"/>
			<id_sources/>
		</element>
		<element id="53">
			<motors>
				<motor id="106">
					<position x="-10.0" y="0.0" z="0.0"/>
					<connectionPosition x="-10.0" y="15.0" z="0.0"/>
				</motor>
				<bounds/>
				<centroid x="0.0" y="15.0" z="0.0"/>
			</motors>
			<matrix m00="-0.9335804264972016" m01="-0.0" m02="-0.35836794954530066" m03="-0.0" m10="0.0" m11="1.0" m12="0.0" m13="0.0" m20="0.35836794954530066" m21="0.0" m22="-0.9335804264972016" m23="0.0" m30="-56.0148255898321" m31="0.0" m32="21.50207697271804" m33="1.0"/>
			<id_sources/>
		</element>
		<element id="54">
			<motors>
				<motor id="108">
					<position x="-10.0" y="0.0" z="0.0"/>
					<connectionPosition x="-10.0" y="15.0" z="0.0"/>
				</motor>
				<bounds/>
				<centroid x="0.0" y="15.0" z="0.0"/>
			</motors>
			<matrix m00="-0.9510565162951535" m01="-0.0" m02="-0.3090169943749475" m03="-0.0" m10="0.0" m11="1.0" m12="0.0" m13="0.0" m20="0.3090169943749475" m21="0.0" m22="-0.9510565162951535" m23="0.0" m30="-57.06339097770921" m31="0.0" m32="18.54101966249685" m33="1.0"/>
			<id_sources/>
		</element>
		<element id="55">
			<motors>
				<motor id="110">
					<position x="-10.0" y="0.0" z="0.0"/>
					<connectionPosition x="-10.0" y="15.0" z="0.0"/>
				</motor>
				<bounds/>
				<centroid x="0.0" y="15.0" z="0.0"/>
			</motors>
			<matrix m00="-0.9659258262890682" m01="-0.0" m02="-0.258819045102521" m03="-0.0" m10="0.0" m11="1.0" m12="0.0" m13="0.0" m20="0.258819045102521" m21="0.0" m22="-0.9659258262890682" m23="0.0" m30="-57.955549577344094" m31="0.0" m32="15.52914270615126" m33="1.0"/>
			<id_sources/>
		</element>
		<element id="56">
			<motors>
				<motor id="112">
					<position x="-10.0" y="0.0" z="0.0"/>
					<connectionPosition x="-10.0" y="15.0" z="0.0"/>
				</motor>
				<bounds/>
				<centroid x="0.0" y="15.0" z="0.0"/>
			</motors>
			<matrix m00="-0.9781476007338057" m01="-0.0" m02="-0.20791169081775931" m03="-0.0" m10="0.0" m11="1.0" m12="0.0" m13="0.0" m20="0.20791169081775931" m21="0.0" m22="-0.9781476007338057" m23="0.0" m30="-58.68885604402834" m31="0.0" m32="12.47470144906556" m33="1.0"/>
			<id_sources/>
		</element>
		<element id="57">
			<motors>
				<motor id="114">
					<position x="-10.0" y="0.0" z="0.0"/>
					<connectionPosition x="-10.0" y="15.0" z="0.0"/>
				</motor>
				<bounds/>
				<centroid x="0.0" y="15.0" z="0.0"/>
			</motors>
			<matrix m00="-0.9876883405951377" m01="-0.0" m02="-0.15643446504023098" m03="-0.0" m10="0.0" m11="1.0" m12="0.0" m13="0.0" m20="0.15643446504023098" m21="0.0" m22="-0.9876883405951377" m23="0.0" m30="-59.26130043570826" m31="0.0" m32="9.386067902413858" m33="1.0"/>
			<id_sources/>
		</element>
		<element id="58">
			<motors>
				<motor id="116">
					<position x="-10.0" y="0.0" z="0.0"/>
					<connectionPosition x="-10.0" y="15.0" z="0.0"/>
				</motor>
				<bounds/>
				<centroid x="0.0" y="15.0" z="0.0"/>
			</motors>
			<matrix m00="-0.9945218953682733" m01="-0.0" m02="-0.10452846326765373" m03="-0.0" m10="0.0" m11="1.0" m12="0.0" m13="0.0" m20="0.10452846326765373" m21="0.0" m22="-0.9945218953682733" m23="0.0" m30="-59.6713137220964" m31="0.0" m32="6.271707796059224" m33="1.0"/>
			<id_sources/>
		</element>
		<element id="59">
			<motors>
				<motor id="118">
					<position x="-10.0" y="0.0" z="0.0"/>
					<connectionPosition x="-10.0" y="15.0" z="0.0"/>
				</motor>
				<bounds/>
				<centroid x="0.0" y="15.0" z="0.0"/>
			</motors>
			<matrix m00="-0.9986295347545738" m01="-0.0" m02="-0.05233595624294425" m03="-0.0" m10="0.0" m11="1.0" m12="0.0" m13="0.0" m20="0.05233595624294425" m21="0.0" m22="-0.9986295347545738" m23="0.0" m30="-59.91777208527443" m31="0.0" m32="3.140157374576655" m33="1.0"/>
			<id_sources/>
		</element>
		<element id="60">
			<motors>
				<motor id="120">
					<position x="-10.0" y="0.0" z="0.0"/>
					<connectionPosition x="-10.0" y="15.0" z="0.0"/>
				</motor>
				<bounds/>
				<centroid x="0.0" y="15.0" z="0.0"/>
			</motors>
			<matrix m00="-1.0" m01="-0.0" m02="-1.2246467991473532E-16" m03="-0.0" m10="0.0" m11="1.0" m12="0.0" m13="0.0" m20="1.2246467991473532E-16" m21="0.0" m22="-1.0" m23="0.0" m30="-60.0" m31="0.0" m32="7.34788079488412E-15" m33="1.0"/>
			<id_sources/>
		</element>
		<element id="61">
			<motors>
				<motor id="122">
					<position x="-10.0" y="0.0" z="0.0"/>
					<connectionPosition x="-10.0" y="15.0" z="0.0"/>
				</motor>
				<bounds/>
				<centroid x="0.0" y="15.0" z="0.0"/>
			</motors>
			<matrix m00="-0.9986295347545738" m01="0.0" m02="0.052335956242943564" m03="0.0" m10="0.0" m11="1.0" m12="0.0" m13="0.0" m20="-0.052335956242943564" m21="-0.0" m22="-0.9986295347545738" m23="-0.0" m30="-59.91777208527443" m31="0.0" m32="-3.140157374576614" m33="1.0"/>
			<id_sources/>
		</element>
		<element id="62">
			<motors>
				<motor id="124">
					<position x="-10.0" y="0.0" z="0.0"/>
					<connectionPosition x="-10.0" y="15.0" z="0.0"/>
				</motor>
				<bounds/>
				<centroid x="0.0" y="15.0" z="0.0"/>
			</motors>
			<matrix m00="-0.9945218953682733" m01="0.0" m02="0.1045284632676535" m03="0.0" m10="0.0" m11="1.0" m12="0.0" m13="0.0" m20="-0.1045284632676535" m21="-0.0" m22="-0.9945218953682733" m23="-0.0" m30="-59.6713137220964" m31="0.0" m32="-6.27170779605921" m33="1.0"/>
			<id_sources/>
		</element>
		<element id="63">
			<motors>
				<motor id="126">
					<position x="-10.0" y="0.0" z="0.0"/>
					<connectionPosition x="-10.0" y="15.0" z="0.0"/>
				</motor>
				<bounds/>
				<centroid x="0.0" y="15.0" z="0.0"/>
			</motors>
			<matrix m00="-0.9876883405951378" m01="0.0" m02="0.15643446504023073" m03="0.0" m10="0.0" m11="1.0" m12="0.0" m13="0.0" m20="-0.15643446504023073" m21="-0.0" m22="-0.9876883405951378" m23="-0.0" m30="-59.261300435708264" m31="0.0" m32="-9.386067902413844" m33="1.0"/>
			<id_sources/>
		</element>
		<element id="64">
			<motors>
				<motor id="128">
					<position x="-10.0" y="0.0" z="0.0"/>
					<connectionPosition x="-10.0" y="15.0" z="0.0"/>
				</motor>
				<bounds/>
				<centroid x="0.0" y="15.0" z="0.0"/>
			</motors>
			<matrix m00="-0.9781476007338057" m01="0.0" m02="0.20791169081775907" m03="0.0" m10="0.0" m11="1.0" m12="0.0" m13="0.0" m20="-0.20791169081775907" m21="-0.0" m22="-0.9781476007338057" m23="-0.0" m30="-58.68885604402834" m31="0.0" m32="-12.474701449065543" m33="1.0"/>
			<id_sources/>
		</element>
		<element id="65">
			<motors>
				<motor id="130">
					<position x="-10.0" y="0.0" z="0.0"/>
					<connectionPosition x="-10.0" y="15.0" z="0.0"/>
				</motor>
				<bounds/>
				<centroid x="0.0" y="15.0" z="0.0"/>
			</motors>
			<matrix m00="-0.9659258262890684" m01="0.0" m02="0.25881904510252035" m03="0.0" m10="0.0" m11="1.0" m12="0.0" m13="0.0" m20="-0.25881904510252035" m21="-0.0" m22="-0.9659258262890684" m23="-0.0" m30="-57.95554957734411" m31="0.0" m32="-15.529142706151221" m33="1.0"/>
			<id_sources/>
		</element>
		<element id="66">
			<motors>
				<motor id="132">
					<position x="-10.0" y="0.0" z="0.0"/>
					<connectionPosition x="-10.0" y="15.0" z="0.0"/>
				</motor>
				<bounds/>
				<centroid x="0.0" y="15.0" z="0.0"/>
			</motors>
			<matrix m00="-0.9510565162951535" m01="0.0" m02="0.30901699437494773" m03="0.0" m10="0.0" m11="1.0" m12="0.0" m13="0.0" m20="-0.30901699437494773" m21="-0.0" m22="-0.9510565162951535" m23="-0.0" m30="-57.06339097770921" m31="0.0" m32="-18.541019662496865" m33="1.0"/>
			<id_sources/>
		</element>
		<element id="67">
			<motors>
				<motor id="134">
					<position x="-10.0" y="0.0" z="0.0"/>
					<connectionPosition x="-10.0" y="15.0" z="0.0"/>
				</motor>
				<bounds/>
				<centroid x="0.0" y="15.0" z="0.0"/>
			</motors>
			<matrix m00="-0.9335804264972017" m01="0.0" m02="0.35836794954530043" m03="0.0" m10="0.0" m11="1.0" m12="0.0" m13="0.0" m20="-0.35836794954530043" m21="-0.0" m22="-0.9335804264972017" m23="-0.0" m30="-56.01482558983211" m31="0.0" m32="-21.502076972718026" m33="1.0"/>
			<id_sources/>
		</element>
		<element id="68">
			<motors>
				<motor id="136">
					<position x="-10.0" y="0.0" z="0.0"/>
					<connectionPosition x="-10.0" y="15.0" z="0.0"/>
				</motor>
				<bounds/>
				<centroid x="0.0" y="15.0" z="0.0"/>
			</motors>
			<matrix m00="-0.9135454576426011" m01="0.0" m02="0.4067366430757998" m03="0.0" m10="0.0" m11="1.0" m12="0.0" m13="0.0" m20="-0.4067366430757998" m21="-0.0" m22="-0.9135454576426011" m23="-0.0" m30="-54.81272745855607" m31="0.0" m32="-24.404198584547988" m33="1.0"/>
			<id_sources/>
		</element>
		<element id="69">
			<motors>
				<motor id="138">
					<position x="-10.0" y="0.0" z="0.0"/>
					<connectionPosition x="-10.0" y="15.0" z="0.0"/>
				</motor>
				<bounds/>
				<centroid x="0.0" y="15.0" z="0.0"/>
			</motors>
			<matrix m00="-0.8910065241883681" m01="0.0" m02="0.45399049973954625" m03="0.0" m10="0.0" m11="1.0" m12="0.0" m13="0.0" m20="-0.45399049973954625" m21="-0.0" m22="-0.8910065241883681" m23="-0.0" m30="-53.46039145130209" m31="0.0" m32="-27.239429984372777" m33="1.0"/>
			<id_sources/>
		</element>
		<element id="70">
			<motors>
				<motor id="140">
					<position x="-10.0" y="0.0" z="0.0"/>
					<connectionPosition x="-10.0" y="15.0" z="0.0"/>
				</motor>
				<bounds/>
				<centroid x="0.0" y="15.0" z="0.0"/>
			</motors>
			<matrix m00="-0.8660254037844386" m01="0.0" m02="0.5000000000000001" m03="0.0" m10="0.0" m11="1.0" m12="0.0" m13="0.0" m20="-0.5000000000000001" m21="-0.0" m22="-0.8660254037844386" m23="-0.0" m30="-51.96152422706631" m31="0.0" m32="-30.000000000000007" m33="1.0"/>
			<id_sources/>
		</element>
		<element id="71">
			<motors>
				<motor id="142">
					<position x="-10.0" y="0.0" z="0.0"/>
					<connectionPosition x="-10.0" y="15.0" z="0.0"/>
				</motor>
				<bounds/>
				<centroid x="0.0" y="15.0" z="0.0"/>
			</motors>
			<matrix m00="-0.838670567945424" m01="0.0" m02="0.5446390350150271" m03="0.0" m10="0.0" m11="1.0" m12="0.0" m13="0.0" m20="-0.5446390350150271" m21="-0.0" m22="-0.838670567945424" m23="-0.0" m30="-50.32023407672544" m31="0.0" m32="-32.678342100901624" m33="1.0"/>
			<id_sources/>
		</element>
		<element id="72">
			<motors>
				<motor id="144">
					<position x="-10.0" y="0.0" z="0.0"/>
					<connectionPosition x="-10.0" y="15.0" z="0.0"/>
				</motor>
				<bounds/>
				<centroid x="0.0" y="15.0" z="0.0"/>
			</motors>
			<matrix m00="-0.8090169943749475" m01="0.0" m02="0.587785252292473" m03="0.0" m10="0.0" m11="1.0" m12="0.0" m13="0.0" m20="-0.587785252292473" m21="-0.0" m22="-0.8090169943749475" m23="-0.0" m30="-48.54101966249685" m31="0.0" m32="-35.26711513754838" m33="1.0"/>
			<id_sources/>
		</element>
		<element id="73">
			<motors>
				<motor id="146">
					<position x="-10.0" y="0.0" z="0.0"/>
					<connectionPosition x="-10.0" y="15.0" z="0.0"/>
				</motor>
				<bounds/>
				<centroid x="0.0" y="15.0" z="0.0"/>
			</motors>
			<matrix m00="-0.7771459614569711" m01="0.0" m02="0.6293203910498373" m03="0.0" m10="0.0" m11="1.0" m12="0.0" m13="0.0" m20="-0.6293203910498373" m21="-0.0" m22="-0.7771459614569711" m23="-0.0" m30="-46.628757687418265" m31="0.0" m32="-37.759223462990235" m33="1.0"/>
			<id_sources/>
		</element>
		<element id="74">
			<motors>
				<motor id="148">
					<position x="-10.0" y="0.0" z="0.0"/>
					<connectionPosition x="-10.0" y="15.0" z="0.0"/>
				</motor>
				<bounds/>
				<centroid x="0.0" y="15.0" z="0.0"/>
			</motors>
			<matrix m00="-0.7431448254773942" m01="0.0" m02="0.6691306063588582" m03="0.0" m10="0.0" m11="1.0" m12="0.0" m13="0.0" m20="-0.6691306063588582" m21="-0.0" m22="-0.7431448254773942" m23="-0.0" m30="-44.588689528643656" m31="0.0" m32="-40.14783638153149" m33="1.0"/>
			<id_sources/>
		</element>
		<element id="75">
			<motors>
				<motor id="150">
					<position x="-10.0" y="0.0" z="0.0"/>
					<connectionPosition x="-10.0" y="15.0" z="0.0"/>
				</motor>
				<bounds/>
				<centroid x="0.0" y="15.0" z="0.0"/>
			</motors>
			<matrix m00="-0.7071067811865477" m01="0.0" m02="0.7071067811865475" m03="0.0" m10="0.0" m11="1.0" m12="0.0" m13="0.0" m20="-0.7071067811865475" m21="-0.0" m22="-0.7071067811865477" m23="-0.0" m30="-42.42640687119286" m31="0.0" m32="-42.426406871192846" m33="1.0"/>
			<id_sources/>
		</element>
		<element id="76">
			<motors>
				<motor id="152">
