<?xml version="1.0" encoding="ISO-8859-1"?>
<sculpture>
	<elements>
		<element id="0">
			<motors>
				<motor id="0">
					<position x="77.0" y="-162.5" z="0.0"/>
					<connectionPosition x="0.0" y="0.0" z="0.0"/>
				</motor>
				<motor id="1">
					<position x="90.0" y="-162.5" z="0.0"/>
					<connectionPosition x="90.0" y="0.0" z="0.0"/>
				</motor>
				<bounds>
					<point x="83.5" y="-162.5" z="0.0"/>
					<point x="83.5" y="-132.5" z="0.0"/>
				</bounds>
				<centroid x="45.0" y="0.0" z="0.0"/>
			</motors>
			<lights>
				<light id="0"/>
				<light id="1"/>
				<light id="2"/>
			</lights>
			<matrix m00="1.0" m01="0.0" m02="0.0" m03="0.0" m10="0.0" m11="1.0" m12="0.0" m13="0.0" m20="0.0" m21="0.0" m22="1.0" m23="0.0" m30="600.0" m31="0.0" m32="0.0" m33="1.0"/>
			<id_sources/>
			<relative_sources/>
		</element>
		<element id="1">
			<motors>
				<motor id="2">
					<position x="77.0" y="-162.5" z="0.0"/>
					<connectionPosition x="0.0" y="0.0" z="0.0"/>
				</motor>
				<motor id="3">
					<position x="90.0" y="-162.5" z="0.0"/>
					<connectionPosition x="90.0" y="0.0" z="0.0"/>
				</motor>
				<bounds>
					<point x="83.5" y="-162.5" z="0.0"/>
					<point x="83.5" y="-132.5" z="0.0"/>
				</bounds>
				<centroid x="45.0" y="0.0" z="0.0"/>
			</motors>
			<lights>
				<light id="3"/>
				<light id="4"/>
				<light id="5"/>
			</lights>
			<matrix m00="0.9945218953682733" m01="0.0" m02="0.10452846326765346" m03="0.0" m10="0.0" m11="1.0" m12="0.0" m13="0.0" m20="-0.10452846326765346" m21="0.0" m22="0.9945218953682733" m23="0.0" m30="596.713137220964" m31="0.0" m32="62.71707796059207" m33="1.0"/>
			<id_sources/>
			<relative_sources/>
		</element>
		<element id="2">
			<motors>
				<motor id="4">
					<position x="77.0" y="-162.5" z="0.0"/>
					<connectionPosition x="0.0" y="0.0" z="0.0"/>
				</motor>
				<motor id="5">
					<position x="90.0" y="-162.5" z="0.0"/>
					<connectionPosition x="90.0" y="0.0" z="0.0"/>
				</motor>
				<bounds>
					<point x="83.5" y="-162.5" z="0.0"/>
					<point x="83.5" y="-132.5" z="0.0"/>
				</bounds>
				<centroid x="45.0" y="0.0" z="0.0"/>
			</motors>
			<lights>
				<light id="6"/>
				<light id="7"/>
				<light id="8"/>
			</lights>
			<matrix m00="0.9781476007338057" m01="0.0" m02="0.20791169081775931" m03="0.0" m10="0.0" m11="1.0" m12="0.0" m13="0.0" m20="-0.20791169081775931" m21="0.0" m22="0.9781476007338057" m23="0.0" m30="586.8885604402834" m31="0.0" m32="124.74701449065559" m33="1.0"/>
			<id_sources/>
			<relative_sources/>
		</element>
		<element id="3">
			<motors>
				<motor id="6">
					<position x="77.0" y="-162.5" z="0.0"/>
					<connectionPosition x="0.0" y="0.0" z="0.0"/>
				</motor>
				<motor id="7">
					<position x="90.0" y="-162.5" z="0.0"/>
					<connectionPosition x="90.0" y="0.0" z="0.0"/>
				</motor>
				<bounds>
					<point x="83.5" y="-162.5" z="0.0"/>
					<point x="83.5" y="-132.5" z="0.0"/>
				</bounds>
				<centroid x="45.0" y="0.0" z="0.0"/>
			</motors>
			<lights>
				<light id="9"/>
				<light id="10"/>
				<light id="11"/>
			</lights>
			<matrix m00="0.9510565162951535" m01="0.0" m02="0.3090169943749474" m03="0.0" m10="0.0" m11="1.0" m12="0.0" m13="0.0" m20="-0.3090169943749474" m21="0.0" m22="0.9510565162951535" m23="0.0" m30="570.6339097770921" m31="0.0" m32="185.41019662496845" m33="1.0"/>
			<id_sources/>
			<relative_sources/>
		</element>
		<element id="4">
			<motors>
				<motor id="8">
					<position x="77.0" y="-162.5" z="0.0"/>
					<connectionPosition x="0.0" y="0.0" z="0.0"/>
				</motor>
				<motor id="9">
					<position x="90.0" y="-162.5" z="0.0"/>
					<connectionPosition x="90.0" y="0.0" z="0.0"/>
				</motor>
				<bounds>
					<point x="83.5" y="-162.5" z="0.0"/>
					<point x="83.5" y="-132.5" z="0.0"/>
				</bounds>
				<centroid x="45.0" y="0.0" z="0.0"/>
			</motors>
			<lights>
				<light id="12"/>
				<light id="13"/>
				<light id="14"/>
			</lights>
			<matrix m00="0.9135454576426009" m01="0.0" m02="0.40673664307580015" m03="0.0" m10="0.0" m11="1.0" m12="0.0" m13="0.0" m20="-0.40673664307580015" m21="0.0" m22="0.9135454576426009" m23="0.0" m30="548.1272745855605" m31="0.0" m32="244.0419858454801" m33="1.0"/>
			<id_sources/>
			<relative_sources/>
		</element>
		<element id="5">
			<motors>
				<motor id="10">
					<position x="77.0" y="-162.5" z="0.0"/>
					<connectionPosition x="0.0" y="0.0" z="0.0"/>
				</motor>
				<motor id="11">
					<position x="90.0" y="-162.5" z="0.0"/>
					<connectionPosition x="90.0" y="0.0" z="0.0"/>
				</motor>
				<bounds>
					<point x="83.5" y="-162.5" z="0.0"/>
					<point x="83.5" y="-132.5" z="0.0"/>
				</bounds>
				<centroid x="45.0" y="0.0" z="0.0"/>
			</motors>
			<lights>
				<light id="15"/>
				<light id="16"/>
				<light id="17"/>
			</lights>
			<matrix m00="0.8660254037844387" m01="0.0" m02="0.49999999999999994" m03="0.0" m10="0.0" m11="1.0" m12="0.0" m13="0.0" m20="-0.49999999999999994" m21="0.0" m22="0.8660254037844387" m23="0.0" m30="519.6152422706632" m31="0.0" m32="299.99999999999994" m33="1.0"/>
			<id_sources/>
			<relative_sources/>
		</element>
		<element id="6">
			<motors>
				<motor id="12">
					<position x="77.0" y="-162.5" z="0.0"/>
					<connectionPosition x="0.0" y="0.0" z="0.0"/>
				</motor>
				<motor id="13">
					<position x="90.0" y="-162.5" z="0.0"/>
					<connectionPosition x="90.0" y="0.0" z="0.0"/>
				</motor>
				<bounds>
					<point x="83.5" y="-162.5" z="0.0"/>
					<point x="83.5" y="-132.5" z="0.0"/>
				</bounds>
				<centroid x="45.0" y="0.0" z="0.0"/>
			</motors>
			<lights>
				<light id="18"/>
				<light id="19"/>
				<light id="20"/>
			</lights>
			<matrix m00="0.8090169943749475" m01="0.0" m02="0.5877852522924731" m03="0.0" m10="0.0" m11="1.0" m12="0.0" m13="0.0" m20="-0.5877852522924731" m21="0.0" m22="0.8090169943749475" m23="0.0" m30="485.4101966249685" m31="0.0" m32="352.6711513754839" m33="1.0"/>
			<id_sources/>
			<relative_sources/>
		</element>
		<element id="7">
			<motors>
				<motor id="14">
					<position x="77.0" y="-162.5" z="0.0"/>
					<connectionPosition x="0.0" y="0.0" z="0.0"/>
				</motor>
				<motor id="15">
					<position x="90.0" y="-162.5" z="0.0"/>
					<connectionPosition x="90.0" y="0.0" z="0.0"/>
				</motor>
				<bounds>
					<point x="83.5" y="-162.5" z="0.0"/>
					<point x="83.5" y="-132.5" z="0.0"/>
				</bounds>
				<centroid x="45.0" y="0.0" z="0.0"/>
			</motors>
			<lights>
				<light id="21"/>
				<light id="22"/>
				<light id="23"/>
			</lights>
			<matrix m00="0.7431448254773942" m01="0.0" m02="0.6691306063588582" m03="0.0" m10="0.0" m11="1.0" m12="0.0" m13="0.0" m20="-0.6691306063588582" m21="0.0" m22="0.7431448254773942" m23="0.0" m30="445.8868952864365" m31="0.0" m32="401.47836381531494" m33="1.0"/>
			<id_sources/>
			<relative_sources/>
		</element>
		<element id="8">
			<motors>
				<motor id="16">
					<position x="77.0" y="-162.5" z="0.0"/>
					<connectionPosition x="0.0" y="0.0" z="0.0"/>
				</motor>
				<motor id="17">
					<position x="90.0" y="-162.5" z="0.0"/>
					<connectionPosition x="90.0" y="0.0" z="0.0"/>
				</motor>
				<bounds>
					<point x="83.5" y="-162.5" z="0.0"/>
					<point x="83.5" y="-132.5" z="0.0"/>
				</bounds>
				<centroid x="45.0" y="0.0" z="0.0"/>
			</motors>
			<lights>
				<light id="24"/>
				<light id="25"/>
				<light id="26"/>
			</lights>
			<matrix m00="0.6691306063588582" m01="0.0" m02="0.7431448254773942" m03="0.0" m10="0.0" m11="1.0" m12="0.0" m13="0.0" m20="-0.7431448254773942" m21="0.0" m22="0.6691306063588582" m23="0.0" m30="401.47836381531494" m31="0.0" m32="445.8868952864365" m33="1.0"/>
			<id_sources/>
			<relative_sources/>
		</element>
		<element id="9">
			<motors>
				<motor id="18">
					<position x="77.0" y="-162.5" z="0.0"/>
					<connectionPosition x="0.0" y="0.0" z="0.0"/>
				</motor>
				<motor id="19">
					<position x="90.0" y="-162.5" z="0.0"/>
					<connectionPosition x="90.0" y="0.0" z="0.0"/>
				</motor>
				<bounds>
					<point x="83.5" y="-162.5" z="0.0"/>
					<point x="83.5" y="-132.5" z="0.0"/>
				</bounds>
				<centroid x="45.0" y="0.0" z="0.0"/>
			</motors>
			<lights>
				<light id="27"/>
				<light id="28"/>
				<light id="29"/>
			</lights>
			<matrix m00="0.5877852522924731" m01="0.0" m02="0.8090169943749475" m03="0.0" m10="0.0" m11="1.0" m12="0.0" m13="0.0" m20="-0.8090169943749475" m21="0.0" m22="0.5877852522924731" m23="0.0" m30="352.6711513754839" m31="0.0" m32="485.4101966249685" m33="1.0"/>
			<id_sources/>
			<relative_sources/>
		</element>
		<element id="10">
			<motors>
				<motor id="20">
					<position x="77.0" y="-162.5" z="0.0"/>
					<connectionPosition x="0.0" y="0.0" z="0.0"/>
				</motor>
				<motor id="21">
					<position x="90.0" y="-162.5" z="0.0"/>
					<connectionPosition x="90.0" y="0.0" z="0.0"/>
				</motor>
				<bounds>
					<point x="83.5" y="-162.5" z="0.0"/>
					<point x="83.5" y="-132.5" z="0.0"/>
				</bounds>
				<centroid x="45.0" y="0.0" z="0.0"/>
			</motors>
			<lights>
				<light id="30"/>
				<light id="31"/>
				<light id="32"/>
			</lights>
			<matrix m00="0.5000000000000001" m01="0.0" m02="0.8660254037844386" m03="0.0" m10="0.0" m11="1.0" m12="0.0" m13="0.0" m20="-0.8660254037844386" m21="0.0" m22="0.5000000000000001" m23="0.0" m30="300.00000000000006" m31="0.0" m32="519.6152422706632" m33="1.0"/>
			<id_sources/>
			<relative_sources/>
		</element>
		<element id="11">
			<motors>
				<motor id="22">
					<position x="77.0" y="-162.5" z="0.0"/>
					<connectionPosition x="0.0" y="0.0" z="0.0"/>
				</motor>
				<motor id="23">
					<position x="90.0" y="-162.5" z="0.0"/>
					<connectionPosition x="90.0" y="0.0" z="0.0"/>
				</motor>
				<bounds>
					<point x="83.5" y="-162.5" z="0.0"/>
					<point x="83.5" y="-132.5" z="0.0"/>
				</bounds>
				<centroid x="45.0" y="0.0" z="0.0"/>
			</motors>
			<lights>
				<light id="33"/>
				<light id="34"/>
				<light id="35"/>
			</lights>
			<matrix m00="0.4067366430758004" m01="0.0" m02="0.9135454576426009" m03="0.0" m10="0.0" m11="1.0" m12="0.0" m13="0.0" m20="-0.9135454576426009" m21="0.0" m22="0.4067366430758004" m23="0.0" m30="244.0419858454802" m31="0.0" m32="548.1272745855605" m33="1.0"/>
			<id_sources/>
			<relative_sources/>
		</element>
		<element id="12">
			<motors>
				<motor id="24">
					<position x="77.0" y="-162.5" z="0.0"/>
					<connectionPosition x="0.0" y="0.0" z="0.0"/>
				</motor>
				<motor id="25">
					<position x="90.0" y="-162.5" z="0.0"/>
					<connectionPosition x="90.0" y="0.0" z="0.0"/>
				</motor>
				<bounds>
					<point x="83.5" y="-162.5" z="0.0"/>
					<point x="83.5" y="-132.5" z="0.0"/>
				</bounds>
				<centroid x="45.0" y="0.0" z="0.0"/>
			</motors>
			<lights>
				<light id="36"/>
				<light id="37"/>
				<light id="38"/>
			</lights>
			<matrix m00="0.30901699437494745" m01="0.0" m02="0.9510565162951535" m03="0.0" m10="0.0" m11="1.0" m12="0.0" m13="0.0" m20="-0.9510565162951535" m21="0.0" m22="0.30901699437494745" m23="0.0" m30="185.41019662496848" m31="0.0" m32="570.6339097770921" m33="1.0"/>
			<id_sources/>
			<relative_sources/>
		</element>
		<element id="13">
			<motors>
				<motor id="26">
					<position x="77.0" y="-162.5" z="0.0"/>
					<connectionPosition x="0.0" y="0.0" z="0.0"/>
				</motor>
				<motor id="27">
					<position x="90.0" y="-162.5" z="0.0"/>
					<connectionPosition x="90.0" y="0.0" z="0.0"/>
				</motor>
				<bounds>
					<point x="83.5" y="-162.5" z="0.0"/>
					<point x="83.5" y="-132.5" z="0.0"/>
				</bounds>
				<centroid x="45.0" y="0.0" z="0.0"/>
			</motors>
			<lights>
				<light id="39"/>
				<light id="40"/>
				<light id="41"/>
			</lights>
			<matrix m00="0.20791169081775923" m01="0.0" m02="0.9781476007338057" m03="0.0" m10="0.0" m11="1.0" m12="0.0" m13="0.0" m20="-0.9781476007338057" m21="0.0" m22="0.20791169081775923" m23="0.0" m30="124.74701449065554" m31="0.0" m32="586.8885604402834" m33="1.0"/>
			<id_sources/>
			<relative_sources/>
		</element>
		<element id="14">
			<motors>
				<motor id="28">
					<position x="77.0" y="-162.5" z="0.0"/>
					<connectionPosition x="0.0" y="0.0" z="0.0"/>
				</motor>
				<motor id="29">
					<position x="90.0" y="-162.5" z="0.0"/>
					<connectionPosition x="90.0" y="0.0" z="0.0"/>
				</motor>
				<bounds>
					<point x="83.5" y="-162.5" z="0.0"/>
					<point x="83.5" y="-132.5" z="0.0"/>
				</bounds>
				<centroid x="45.0" y="0.0" z="0.0"/>
			</motors>
			<lights>
				<light id="42"/>
				<light id="43"/>
				<light id="44"/>
			</lights>
			<matrix m00="0.10452846326765346" m01="0.0" m02="0.9945218953682733" m03="0.0" m10="0.0" m11="1.0" m12="0.0" m13="0.0" m20="-0.9945218953682733" m21="0.0" m22="0.10452846326765346" m23="0.0" m30="62.71707796059207" m31="0.0" m32="596.713137220964" m33="1.0"/>
			<id_sources/>
			<relative_sources/>
		</element>
		<element id="15">
			<motors>
				<motor id="30">
					<position x="77.0" y="-162.5" z="0.0"/>
					<connectionPosition x="0.0" y="0.0" z="0.0"/>
				</motor>
				<motor id="31">
					<position x="90.0" y="-162.5" z="0.0"/>
					<connectionPosition x="90.0" y="0.0" z="0.0"/>
				</motor>
				<bounds>
					<point x="83.5" y="-162.5" z="0.0"/>
					<point x="83.5" y="-132.5" z="0.0"/>
				</bounds>
				<centroid x="45.0" y="0.0" z="0.0"/>
			</motors>
			<lights>
				<light id="45"/>
				<light id="46"/>
				<light id="47"/>
			</lights>
			<matrix m00="6.123233995736766E-17" m01="0.0" m02="1.0" m03="0.0" m10="0.0" m11="1.0" m12="0.0" m13="0.0" m20="-1.0" m21="0.0" m22="6.123233995736766E-17" m23="0.0" m30="3.6739403974420595E-14" m31="0.0" m32="600.0" m33="1.0"/>
			<id_sources/>
			<relative_sources/>
		</element>
		<element id="16">
			<motors>
				<motor id="32">
					<position x="77.0" y="-162.5" z="0.0"/>
					<connectionPosition x="0.0" y="0.0" z="0.0"/>
				</motor>
				<motor id="33">
					<position x="90.0" y="-162.5" z="0.0"/>
					<connectionPosition x="90.0" y="0.0" z="0.0"/>
				</motor>
				<bounds>
					<point x="83.5" y="-162.5" z="0.0"/>
					<point x="83.5" y="-132.5" z="0.0"/>
				</bounds>
				<centroid x="45.0" y="0.0" z="0.0"/>
			</motors>
			<lights>
				<light id="48"/>
				<light id="49"/>
				<light id="50"/>
			</lights>
			<matrix m00="-0.10452846326765333" m01="0.0" m02="0.9945218953682734" m03="0.0" m10="0.0" m11="1.0" m12="0.0" m13="0.0" m20="-0.9945218953682734" m21="-0.0" m22="-0.10452846326765333" m23="-0.0" m30="-62.717077960592" m31="0.0" m32="596.7131372209641" m33="1.0"/>
			<id_sources/>
			<relative_sources/>
		</element>
		<element id="17">
			<motors>
				<motor id="34">
					<position x="77.0" y="-162.5" z="0.0"/>
					<connectionPosition x="0.0" y="0.0" z="0.0"/>
				</motor>
				<motor id="35">
					<position x="90.0" y="-162.5" z="0.0"/>
					<connectionPosition x="90.0" y="0.0" z="0.0"/>
				</motor>
				<bounds>
					<point x="83.5" y="-162.5" z="0.0"/>
					<point x="83.5" y="-132.5" z="0.0"/>
				</bounds>
				<centroid x="45.0" y="0.0" z="0.0"/>
			</motors>
			<lights>
				<light id="51"/>
				<light id="52"/>
				<light id="53"/>
			</lights>
			<matrix m00="-0.20791169081775912" m01="0.0" m02="0.9781476007338057" m03="0.0" m10="0.0" m11="1.0" m12="0.0" m13="0.0" m20="-0.9781476007338057" m21="-0.0" m22="-0.20791169081775912" m23="-0.0" m30="-124.74701449065547" m31="0.0" m32="586.8885604402834" m33="1.0"/>
			<id_sources/>
			<relative_sources/>
		</element>
		<element id="18">
			<motors>
				<motor id="36">
					<position x="77.0" y="-162.5" z="0.0"/>
					<connectionPosition x="0.0" y="0.0" z="0.0"/>
				</motor>
				<motor id="37">
					<position x="90.0" y="-162.5" z="0.0"/>
					<connectionPosition x="90.0" y="0.0" z="0.0"/>
				</motor>
				<bounds>
					<point x="83.5" y="-162.5" z="0.0"/>
					<point x="83.5" y="-132.5" z="0.0"/>
				</bounds>
				<centroid x="45.0" y="0.0" z="0.0"/>
			</motors>
			<lights>
				<light id="54"/>
				<light id="55"/>
				<light id="56"/>
			</lights>
			<matrix m00="-0.30901699437494734" m01="0.0" m02="0.9510565162951536" m03="0.0" m10="0.0" m11="1.0" m12="0.0" m13="0.0" m20="-0.9510565162951536" m21="-0.0" m22="-0.30901699437494734" m23="-0.0" m30="-185.4101966249684" m31="0.0" m32="570.6339097770922" m33="1.0"/>
			<id_sources/>
			<relative_sources/>
		</element>
		<element id="19">
			<motors>
				<motor id="38">
					<position x="77.0" y="-162.5" z="0.0"/>
					<connectionPosition x="0.0" y="0.0" z="0.0"/>
				</motor>
				<motor id="39">
					<position x="90.0" y="-162.5" z="0.0"/>
					<connectionPosition x="90.0" y="0.0" z="0.0"/>
				</motor>
				<bounds>
					<point x="83.5" y="-162.5" z="0.0"/>
					<point x="83.5" y="-132.5" z="0.0"/>
				</bounds>
				<centroid x="45.0" y="0.0" z="0.0"/>
			</motors>
			<lights>
				<light id="57"/>
				<light id="58"/>
				<light id="59"/>
			</lights>
			<matrix m00="-0.4067366430758001" m01="0.0" m02="0.913545457642601" m03="0.0" m10="0.0" m11="1.0" m12="0.0" m13="0.0" m20="-0.913545457642601" m21="-0.0" m22="-0.4067366430758001" m23="-0.0" m30="-244.04198584548007" m31="0.0" m32="548.1272745855606" m33="1.0"/>
			<id_sources/>
			<relative_sources/>
		</element>
		<element id="20">
			<motors>
				<motor id="40">
					<position x="77.0" y="-162.5" z="0.0"/>
					<connectionPosition x="0.0" y="0.0" z="0.0"/>
				</motor>
				<motor id="41">
					<position x="90.0" y="-162.5" z="0.0"/>
					<connectionPosition x="90.0" y="0.0" z="0.0"/>
				</motor>
				<bounds>
					<point x="83.5" y="-162.5" z="0.0"/>
					<point x="83.5" y="-132.5" z="0.0"/>
				</bounds>
				<centroid x="45.0" y="0.0" z="0.0"/>
			</motors>
			<lights>
				<light id="60"/>
				<light id="61"/>
				<light id="62"/>
			</lights>
			<matrix m00="-0.4999999999999998" m01="0.0" m02="0.8660254037844387" m03="0.0" m10="0.0" m11="1.0" m12="0.0" m13="0.0" m20="-0.8660254037844387" m21="-0.0" m22="-0.4999999999999998" m23="-0.0" m30="-299.9999999999999" m31="0.0" m32="519.6152422706632" m33="1.0"/>
			<id_sources/>
			<relative_sources/>
		</element>
		<element id="21">
			<motors>
				<motor id="42">
					<position x="77.0" y="-162.5" z="0.0"/>
					<connectionPosition x="0.0" y="0.0" z="0.0"/>
				</motor>
				<motor id="43">
					<position x="90.0" y="-162.5" z="0.0"/>
					<connectionPosition x="90.0" y="0.0" z="0.0"/>
				</motor>
				<bounds>
					<point x="83.5" y="-162.5" z="0.0"/>
					<point x="83.5" y="-132.5" z="0.0"/>
				</bounds>
				<centroid x="45.0" y="0.0" z="0.0"/>
			</motors>
			<lights>
				<light id="63"/>
				<light id="64"/>
				<light id="65"/>
			</lights>
			<matrix m00="-0.587785252292473" m01="0.0" m02="0.8090169943749475" m03="0.0" m10="0.0" m11="1.0" m12="0.0" m13="0.0" m20="-0.8090169943749475" m21="-0.0" m22="-0.587785252292473" m23="-0.0" m30="-352.6711513754838" m31="0.0" m32="485.4101966249685" m33="1.0"/>
			<id_sources/>
			<relative_sources/>
		</element>
		<element id="22">
			<motors>
				<motor id="44">
					<position x="77.0" y="-162.5" z="0.0"/>
					<connectionPosition x="0.0" y="0.0" z="0.0"/>
				</motor>
				<motor id="45">
					<position x="90.0" y="-162.5" z="0.0"/>
					<connectionPosition x="90.0" y="0.0" z="0.0"/>
				</motor>
				<bounds>
					<point x="83.5" y="-162.5" z="0.0"/>
					<point x="83.5" y="-132.5" z="0.0"/>
				</bounds>
				<centroid x="45.0" y="0.0" z="0.0"/>
			</motors>
			<lights>
				<light id="66"/>
				<light id="67"/>
				<light id="68"/>
			</lights>
			<matrix m00="-0.6691306063588579" m01="0.0" m02="0.7431448254773945" m03="0.0" m10="0.0" m11="1.0" m12="0.0" m13="0.0" m20="-0.7431448254773945" m21="-0.0" m22="-0.6691306063588579" m23="-0.0" m30="-401.47836381531476" m31="0.0" m32="445.8868952864367" m33="1.0"/>
			<id_sources/>
			<relative_sources/>
		</element>
		<element id="23">
			<motors>
				<motor id="46">
					<position x="77.0" y="-162.5" z="0.0"/>
					<connectionPosition x="0.0" y="0.0" z="0.0"/>
				</motor>
				<motor id="47">
					<position x="90.0" y="-162.5" z="0.0"/>
					<connectionPosition x="90.0" y="0.0" z="0.0"/>
				</motor>
				<bounds>
					<point x="83.5" y="-162.5" z="0.0"/>
					<point x="83.5" y="-132.5" z="0.0"/>
				</bounds>
				<centroid x="45.0" y="0.0" z="0.0"/>
			</motors>
			<lights>
				<light id="69"/>
				<light id="70"/>
				<light id="71"/>
			</lights>
			<matrix m00="-0.7431448254773944" m01="0.0" m02="0.669130606358858" m03="0.0" m10="0.0" m11="1.0" m12="0.0" m13="0.0" m20="-0.669130606358858" m21="-0.0" m22="-0.7431448254773944" m23="-0.0" m30="-445.88689528643664" m31="0.0" m32="401.4783638153148" m33="1.0"/>
			<id_sources/>
			<relative_sources/>
		</element>
		<element id="24">
			<motors>
				<motor id="48">
					<position x="77.0" y="-162.5" z="0.0"/>
					<connectionPosition x="0.0" y="0.0" z="0.0"/>
				</motor>
				<motor id="49">
					<position x="90.0" y="-162.5" z="0.0"/>
					<connectionPosition x="90.0" y="0.0" z="0.0"/>
				</motor>
				<bounds>
					<point x="83.5" y="-162.5" z="0.0"/>
					<point x="83.5" y="-132.5" z="0.0"/>
				</bounds>
				<centroid x="45.0" y="0.0" z="0.0"/>
			</motors>
			<lights>
				<light id="72"/>
				<light id="73"/>
				<light id="74"/>
			</lights>
			<matrix m00="-0.8090169943749473" m01="0.0" m02="0.5877852522924732" m03="0.0" m10="0.0" m11="1.0" m12="0.0" m13="0.0" m20="-0.5877852522924732" m21="-0.0" m22="-0.8090169943749473" m23="-0.0" m30="-485.4101966249684" m31="0.0" m32="352.67115137548393" m33="1.0"/>
			<id_sources/>
			<relative_sources/>
		</element>
		<element id="25">
			<motors>
				<motor id="50">
					<position x="77.0" y="-162.5" z="0.0"/>
					<connectionPosition x="0.0" y="0.0" z="0.0"/>
				</motor>
				<motor id="51">
					<position x="90.0" y="-162.5" z="0.0"/>
					<connectionPosition x="90.0" y="0.0" z="0.0"/>
				</motor>
				<bounds>
					<point x="83.5" y="-162.5" z="0.0"/>
					<point x="83.5" y="-132.5" z="0.0"/>
				</bounds>
				<centroid x="45.0" y="0.0" z="0.0"/>
			</motors>
			<lights>
				<light id="75"/>
				<light id="76"/>
				<light id="77"/>
			</lights>
			<matrix m00="-0.8660254037844387" m01="0.0" m02="0.49999999999999994" m03="0.0" m10="0.0" m11="1.0" m12="0.0" m13="0.0" m20="-0.49999999999999994" m21="-0.0" m22="-0.8660254037844387" m23="-0.0" m30="-519.6152422706632" m31="0.0" m32="299.99999999999994" m33="1.0"/>
			<id_sources/>
			<relative_sources/>
		</element>
		<element id="26">
			<motors>
				<motor id="52">
					<position x="77.0" y="-162.5" z="0.0"/>
					<connectionPosition x="0.0" y="0.0" z="0.0"/>
				</motor>
				<motor id="53">
					<position x="90.0" y="-162.5" z="0.0"/>
					<connectionPosition x="90.0" y="0.0" z="0.0"/>
				</motor>
				<bounds>
					<point x="83.5" y="-162.5" z="0.0"/>
					<point x="83.5" y="-132.5" z="0.0"/>
				</bounds>
				<centroid x="45.0" y="0.0" z="0.0"/>
			</motors>
			<lights>
				<light id="78"/>
				<light id="79"/>
				<light id="80"/>
			</lights>
			<matrix m00="-0.913545457642601" m01="0.0" m02="0.40673664307580004" m03="0.0" m10="0.0" m11="1.0" m12="0.0" m13="0.0" m20="-0.40673664307580004" m21="-0.0" m22="-0.913545457642601" m23="-0.0" m30="-548.1272745855606" m31="0.0" m32="244.04198584548" m33="1.0"/>
			<id_sources/>
			<relative_sources/>
		</element>
		<element id="27">
			<motors>
				<motor id="54">
					<position x="77.0" y="-162.5" z="0.0"/>
					<connectionPosition x="0.0" y="0.0" z="0.0"/>
				</motor>
				<motor id="55">
					<position x="90.0" y="-162.5" z="0.0"/>
					<connectionPosition x="90.0" y="0.0" z="0.0"/>
				</motor>
				<bounds>
					<point x="83.5" y="-162.5" z="0.0"/>
					<point x="83.5" y="-132.5" z="0.0"/>
				</bounds>
				<centroid x="45.0" y="0.0" z="0.0"/>
			</motors>
			<lights>
				<light id="81"/>
				<light id="82"/>
				<light id="83"/>
			</lights>
			<matrix m00="-0.9510565162951535" m01="0.0" m02="0.3090169943749475" m03="0.0" m10="0.0" m11="1.0" m12="0.0" m13="0.0" m20="-0.3090169943749475" m21="-0.0" m22="-0.9510565162951535" m23="-0.0" m30="-570.6339097770921" m31="0.0" m32="185.4101966249685" m33="1.0"/>
			<id_sources/>
			<relative_sources/>
		</element>
		<element id="28">
			<motors>
				<motor id="56">
					<position x="77.0" y="-162.5" z="0.0"/>
					<connectionPosition x="0.0" y="0.0" z="0.0"/>
				</motor>
				<motor id="57">
					<position x="90.0" y="-162.5" z="0.0"/>
					<connectionPosition x="90.0" y="0.0" z="0.0"/>
				</motor>
				<bounds>
					<point x="83.5" y="-162.5" z="0.0"/>
					<point x="83.5" y="-132.5" z="0.0"/>
				</bounds>
				<centroid x="45.0" y="0.0" z="0.0"/>
			</motors>
			<lights>
				<light id="84"/>
				<light id="85"/>
				<light id="86"/>
			</lights>
			<matrix m00="-0.9781476007338057" m01="0.0" m02="0.20791169081775931" m03="0.0" m10="0.0" m11="1.0" m12="0.0" m13="0.0" m20="-0.20791169081775931" m21="-0.0" m22="-0.9781476007338057" m23="-0.0" m30="-586.8885604402834" m31="0.0" m32="124.74701449065559" m33="1.0"/>
			<id_sources/>
			<relative_sources/>
		</element>
		<element id="29">
			<motors>
				<motor id="58">
					<position x="77.0" y="-162.5" z="0.0"/>
					<connectionPosition x="0.0" y="0.0" z="0.0"/>
				</motor>
				<motor id="59">
					<position x="90.0" y="-162.5" z="0.0"/>
					<connectionPosition x="90.0" y="0.0" z="0.0"/>
				</motor>
				<bounds>
					<point x="83.5" y="-162.5" z="0.0"/>
					<point x="83.5" y="-132.5" z="0.0"/>
				</bounds>
				<centroid x="45.0" y="0.0" z="0.0"/>
			</motors>
			<lights>
				<light id="87"/>
				<light id="88"/>
				<light id="89"/>
			</lights>
			<matrix m00="-0.9945218953682733" m01="0.0" m02="0.10452846326765373" m03="0.0" m10="0.0" m11="1.0" m12="0.0" m13="0.0" m20="-0.10452846326765373" m21="-0.0" m22="-0.9945218953682733" m23="-0.0" m30="-596.713137220964" m31="0.0" m32="62.71707796059224" m33="1.0"/>
			<id_sources/>
			<relative_sources/>
		</element>
		<element id="30">
			<motors>
				<motor id="60">
					<position x="77.0" y="-162.5" z="0.0"/>
					<connectionPosition x="0.0" y="0.0" z="0.0"/>
				</motor>
				<motor id="61">
					<position x="90.0" y="-162.5" z="0.0"/>
					<connectionPosition x="90.0" y="0.0" z="0.0"/>
				</motor>
				<bounds>
					<point x="83.5" y="-162.5" z="0.0"/>
					<point x="83.5" y="-132.5" z="0.0"/>
				</bounds>
				<centroid x="45.0" y="0.0" z="0.0"/>
			</motors>
			<lights>
				<light id="90"/>
				<light id="91"/>
				<light id="92"/>
			</lights>
			<matrix m00="-1.0" m01="0.0" m02="1.2246467991473532E-16" m03="0.0" m10="0.0" m11="1.0" m12="0.0" m13="0.0" m20="-1.2246467991473532E-16" m21="-0.0" m22="-1.0" m23="-0.0" m30="-600.0" m31="0.0" m32="7.347880794884119E-14" m33="1.0"/>
			<id_sources/>
			<relative_sources/>
		</element>
		<element id="31">
			<motors>
				<motor id="62">
					<position x="77.0" y="-162.5" z="0.0"/>
					<connectionPosition x="0.0" y="0.0" z="0.0"/>
				</motor>
				<motor id="63">
					<position x="90.0" y="-162.5" z="0.0"/>
					<connectionPosition x="90.0" y="0.0" z="0.0"/>
				</motor>
				<bounds>
					<point x="83.5" y="-162.5" z="0.0"/>
					<point x="83.5" y="-132.5" z="0.0"/>
				</bounds>
				<centroid x="45.0" y="0.0" z="0.0"/>
			</motors>
			<lights>
				<light id="93"/>
				<light id="94"/>
				<light id="95"/>
			</lights>
			<matrix m00="-0.9945218953682733" m01="-0.0" m02="-0.1045284632676535" m03="-0.0" m10="0.0" m11="1.0" m12="0.0" m13="0.0" m20="0.1045284632676535" m21="0.0" m22="-0.9945218953682733" m23="0.0" m30="-596.713137220964" m31="0.0" m32="-62.7170779605921" m33="1.0"/>
			<id_sources/>
			<relative_sources/>
		</element>
		<element id="32">
			<motors>
				<motor id="64">
					<position x="77.0" y="-162.5" z="0.0"/>
					<connectionPosition x="0.0" y="0.0" z="0.0"/>
				</motor>
				<motor id="65">
					<position x="90.0" y="-162.5" z="0.0"/>
					<connectionPosition x="90.0" y="0.0" z="0.0"/>
				</motor>
				<bounds>
					<point x="83.5" y="-162.5" z="0.0"/>
					<point x="83.5" y="-132.5" z="0.0"/>
				</bounds>
				<centroid x="45.0" y="0.0" z="0.0"/>
			</motors>
			<lights>
				<light id="96"/>
				<light id="97"/>
				<light id="98"/>
			</lights>
			<matrix m00="-0.9781476007338057" m01="-0.0" m02="-0.20791169081775907" m03="-0.0" m10="0.0" m11="1.0" m12="0.0" m13="0.0" m20="0.20791169081775907" m21="0.0" m22="-0.9781476007338057" m23="0.0" m30="-586.8885604402834" m31="0.0" m32="-124.74701449065545" m33="1.0"/>
			<id_sources/>
			<relative_sources/>
		</element>
		<element id="33">
			<motors>
				<motor id="66">
					<position x="77.0" y="-162.5" z="0.0"/>
					<connectionPosition x="0.0" y="0.0" z="0.0"/>
				</motor>
				<motor id="67">
					<position x="90.0" y="-162.5" z="0.0"/>
					<connectionPosition x="90.0" y="0.0" z="0.0"/>
				</motor>
				<bounds>
					<point x="83.5" y="-162.5" z="0.0"/>
					<point x="83.5" y="-132.5" z="0.0"/>
				</bounds>
				<centroid x="45.0" y="0.0" z="0.0"/>
			</motors>
			<lights>
				<light id="99"/>
				<light id="100"/>
				<light id="101"/>
			</lights>
			<matrix m00="-0.9510565162951535" m01="-0.0" m02="-0.30901699437494773" m03="-0.0" m10="0.0" m11="1.0" m12="0.0" m13="0.0" m20="0.30901699437494773" m21="0.0" m22="-0.9510565162951535" m23="0.0" m30="-570.6339097770921" m31="0.0" m32="-185.41019662496865" m33="1.0"/>
			<id_sources/>
			<relative_sources/>
		</element>
		<element id="34">
			<motors>
				<motor id="68">
					<position x="77.0" y="-162.5" z="0.0"/>
					<connectionPosition x="0.0" y="0.0" z="0.0"/>
				</motor>
				<motor id="69">
					<position x="90.0" y="-162.5" z="0.0"/>
					<connectionPosition x="90.0" y="0.0" z="0.0"/>
				</motor>
				<bounds>
					<point x="83.5" y="-162.5" z="0.0"/>
					<point x="83.5" y="-132.5" z="0.0"/>
				</bounds>
				<centroid x="45.0" y="0.0" z="0.0"/>
			</motors>
			<lights>
				<light id="102"/>
				<light id="103"/>
				<light id="104"/>
			</lights>
			<matrix m00="-0.9135454576426011" m01="-0.0" m02="-0.4067366430757998" m03="-0.0" m10="0.0" m11="1.0" m12="0.0" m13="0.0" m20="0.4067366430757998" m21="0.0" m22="-0.9135454576426011" m23="0.0" m30="-548.1272745855606" m31="0.0" m32="-244.0419858454799" m33="1.0"/>
			<id_sources/>
			<relative_sources/>
		</element>
		<element id="35">
			<motors>
				<motor id="70">
					<position x="77.0" y="-162.5" z="0.0"/>
					<connectionPosition x="0.0" y="0.0" z="0.0"/>
				</motor>
				<motor id="71">
					<position x="90.0" y="-162.5" z="0.0"/>
					<connectionPosition x="90.0" y="0.0" z="0.0"/>
				</motor>
				<bounds>
					<point x="83.5" y="-162.5" z="0.0"/>
					<point x="83.5" y="-132.5" z="0.0"/>
				</bounds>
				<centroid x="45.0" y="0.0" z="0.0"/>
			</motors>
			<lights>
				<light id="105"/>
				<light id="106"/>
				<light id="107"/>
			</lights>
			<matrix m00="-0.8660254037844386" m01="-0.0" m02="-0.5000000000000001" m03="-0.0" m10="0.0" m11="1.0" m12="0.0" m13="0.0" m20="0.5000000000000001" m21="0.0" m22="-0.8660254037844386" m23="0.0" m30="-519.6152422706632" m31="0.0" m32="-300.00000000000006" m33="1.0"/>
			<id_sources/>
			<relative_sources/>
		</element>
		<element id="36">
			<motors>
				<motor id="72">
					<position x="77.0" y="-162.5" z="0.0"/>
					<connectionPosition x="0.0" y="0.0" z="0.0"/>
				</motor>
				<motor id="73">
					<position x="90.0" y="-162.5" z="0.0"/>
					<connectionPosition x="90.0" y="0.0" z="0.0"/>
				</motor>
				<bounds>
					<point x="83.5" y="-162.5" z="0.0"/>
					<point x="83.5" y="-132.5" z="0.0"/>
				</bounds>
				<centroid x="45.0" y="0.0" z="0.0"/>
			</motors>
			<lights>
				<light id="108"/>
				<light id="109"/>
				<light id="110"/>
			</lights>
			<matrix m00="-0.8090169943749475" m01="-0.0" m02="-0.587785252292473" m03="-0.0" m10="0.0" m11="1.0" m12="0.0" m13="0.0" m20="0.587785252292473" m21="0.0" m22="-0.8090169943749475" m23="0.0" m30="-485.4101966249685" m31="0.0" m32="-352.6711513754838" m33="1.0"/>
			<id_sources/>
			<relative_sources/>
		</element>
		<element id="37">
			<motors>
				<motor id="74">
					<position x="77.0" y="-162.5" z="0.0"/>
					<connectionPosition x="0.0" y="0.0" z="0.0"/>
				</motor>
				<motor id="75">
					<position x="90.0" y="-162.5" z="0.0"/>
					<connectionPosition x="90.0" y="0.0" z="0.0"/>
				</motor>
				<bounds>
					<point x="83.5" y="-162.5" z="0.0"/>
					<point x="83.5" y="-132.5" z="0.0"/>
				</bounds>
				<centroid x="45.0" y="0.0" z="0.0"/>
			</motors>
			<lights>
				<light id="111"/>
				<light id="112"/>
				<light id="113"/>
			</lights>
			<matrix m00="-0.7431448254773942" m01="-0.0" m02="-0.6691306063588582" m03="-0.0" m10="0.0" m11="1.0" m12="0.0" m13="0.0" m20="0.6691306063588582" m21="0.0" m22="-0.7431448254773942" m23="0.0" m30="-445.8868952864365" m31="0.0" m32="-401.47836381531494" m33="1.0"/>
			<id_sources/>
			<relative_sources/>
		</element>
		<element id="38">
			<motors>
				<motor id="76">
					<position x="77.0" y="-162.5" z="0.0"/>
					<connectionPosition x="0.0" y="0.0" z="0.0"/>
				</motor>
				<motor id="77">
					<position x="90.0" y="-162.5" z="0.0"/>
					<connectionPosition x="90.0" y="0.0" z="0.0"/>
				</motor>
				<bounds>
					<point x="83.5" y="-162.5" z="0.0"/>
					<point x="83.5" y="-132.5" z="0.0"/>
				</bounds>
				<centroid x="45.0" y="0.0" z="0.0"/>
			</motors>
			<lights>
				<light id="114"/>
				<light id="115"/>
				<light id="116"/>
			</lights>
			<matrix m00="-0.6691306063588585" m01="-0.0" m02="-0.743144825477394" m03="-0.0" m10="0.0" m11="1.0" m12="0.0" m13="0.0" m20="0.743144825477394" m21="0.0" m22="-0.6691306063588585" m23="0.0" m30="-401.47836381531505" m31="0.0" m32="-445.8868952864364" m33="1.0"/>
			<id_sources/>
			<relative_sources/>
		</element>
		<element id="39">
			<motors>
				<motor id="78">
					<position x="77.0" y="-162.5" z="0.0"/>
					<connectionPosition x="0.0" y="0.0" z="0.0"/>
				</motor>
				<motor id="79">
					<position x="90.0" y="-162.5" z="0.0"/>
					<connectionPosition x="90.0" y="0.0" z="0.0"/>
				</motor>
				<bounds>
					<point x="83.5" y="-162.5" z="0.0"/>
					<point x="83.5" y="-132.5" z="0.0"/>
				</bounds>
				<centroid x="45.0" y="0.0" z="0.0"/>
			</motors>
			<lights>
				<light id="117"/>
				<light id="118"/>
				<light id="119"/>
			</lights>
			<matrix m00="-0.5877852522924732" m01="-0.0" m02="-0.8090169943749473" m03="-0.0" m10="0.0" m11="1.0" m12="0.0" m13="0.0" m20="0.8090169943749473" m21="0.0" m22="-0.5877852522924732" m23="0.0" m30="-352.67115137548393" m31="0.0" m32="-485.4101966249684" m33="1.0"/>
			<id_sources/>
			<relative_sources/>
		</element>
		<element id="40">
			<motors>
				<motor id="80">
					<position x="77.0" y="-162.5" z="0.0"/>
					<connectionPosition x="0.0" y="0.0" z="0.0"/>
				</motor>
				<motor id="81">
					<position x="90.0" y="-162.5" z="0.0"/>
					<connectionPosition x="90.0" y="0.0" z="0.0"/>
				</motor>
				<bounds>
					<point x="83.5" y="-162.5" z="0.0"/>
					<point x="83.5" y="-132.5" z="0.0"/>
				</bounds>
				<centroid x="45.0" y="0.0" z="0.0"/>
			</motors>
			<lights>
				<light id="120"/>
				<light id="121"/>
				<light id="122"/>
			</lights>
			<matrix m00="-0.5000000000000004" m01="-0.0" m02="-0.8660254037844385" m03="-0.0" m10="0.0" m11="1.0" m12="0.0" m13="0.0" m20="0.8660254037844385" m21="0.0" m22="-0.5000000000000004" m23="0.0" m30="-300.0000000000003" m31="0.0" m32="-519.6152422706631" m33="1.0"/>
			<id_sources/>
			<relative_sources/>
		</element>
		<element id="41">
			<motors>
				<motor id="82">
					<position x="77.0" y="-162.5" z="0.0"/>
					<connectionPosition x="0.0" y="0.0" z="0.0"/>
				</motor>
				<motor id="83">
					<position x="90.0" y="-162.5" z="0.0"/>
					<connectionPosition x="90.0" y="0.0" z="0.0"/>
				</motor>
				<bounds>
					<point x="83.5" y="-162.5" z="0.0"/>
					<point x="83.5" y="-132.5" z="0.0"/>
				</bounds>
				<centroid x="45.0" y="0.0" z="0.0"/>
			</motors>
			<lights>
				<light id="123"/>
				<light id="124"/>
				<light id="125"/>
			</lights>
			<matrix m00="-0.4067366430758001" m01="-0.0" m02="-0.913545457642601" m03="-0.0" m10="0.0" m11="1.0" m12="0.0" m13="0.0" m20="0.913545457642601" m21="0.0" m22="-0.4067366430758001" m23="0.0" m30="-244.04198584548007" m31="0.0" m32="-548.1272745855606" m33="1.0"/>
			<id_sources/>
			<relative_sources/>
		</element>
		<element id="42">
			<motors>
				<motor id="84">
					<position x="77.0" y="-162.5" z="0.0"/>
					<connectionPosition x="0.0" y="0.0" z="0.0"/>
				</motor>
				<motor id="85">
					<position x="90.0" y="-162.5" z="0.0"/>
					<connectionPosition x="90.0" y="0.0" z="0.0"/>
				</motor>
				<bounds>
					<point x="83.5" y="-162.5" z="0.0"/>
					<point x="83.5" y="-132.5" z="0.0"/>
				</bounds>
				<centroid x="45.0" y="0.0" z="0.0"/>
			</motors>
			<lights>
				<light id="126"/>
				<light id="127"/>
				<light id="128"/>
			</lights>
			<matrix m00="-0.30901699437494756" m01="-0.0" m02="-0.9510565162951535" m03="-0.0" m10="0.0" m11="1.0" m12="0.0" m13="0.0" m20="0.9510565162951535" m21="0.0" m22="-0.30901699437494756" m23="0.0" m30="-185.41019662496853" m31="0.0" m32="-570.6339097770921" m33="1.0"/>
			<id_sources/>
			<relative_sources/>
		</element>
		<element id="43">
			<motors>
				<motor id="86">
					<position x="77.0" y="-162.5" z="0.0"/>
					<connectionPosition x="0.0" y="0.0" z="0.0"/>
				</motor>
				<motor id="87">
					<position x="90.0" y="-162.5" z="0.0"/>
					<connectionPosition x="90.0" y="0.0" z="0.0"/>
				</motor>
				<bounds>
					<point x="83.5" y="-162.5" z="0.0"/>
					<point x="83.5" y="-132.5" z="0.0"/>
				</bounds>
				<centroid x="45.0" y="0.0" z="0.0"/>
			</motors>
			<lights>
				<light id="129"/>
				<light id="130"/>
				<light id="131"/>
			</lights>
			<matrix m00="-0.2079116908177598" m01="-0.0" m02="-0.9781476007338056" m03="-0.0" m10="0.0" m11="1.0" m12="0.0" m13="0.0" m20="0.9781476007338056" m21="0.0" m22="-0.2079116908177598" m23="0.0" m30="-124.74701449065587" m31="0.0" m32="-586.8885604402833" m33="1.0"/>
			<id_sources/>
			<relative_sources/>
		</element>
		<element id="44">
			<motors>
				<motor id="88">
					<position x="77.0" y="-162.5" z="0.0"/>
					<connectionPosition x="0.0" y="0.0" z="0.0"/>
				</motor>
				<motor id="89">
					<position x="90.0" y="-162.5" z="0.0"/>
					<connectionPosition x="90.0" y="0.0" z="0.0"/>
				</motor>
				<bounds>
					<point x="83.5" y="-162.5" z="0.0"/>
					<point x="83.5" y="-132.5" z="0.0"/>
				</bounds>
				<centroid x="45.0" y="0.0" z="0.0"/>
			</motors>
			<lights>
				<light id="132"/>
				<light id="133"/>
				<light id="134"/>
			</lights>
			<matrix m00="-0.10452846326765423" m01="-0.0" m02="-0.9945218953682733" m03="-0.0" m10="0.0" m11="1.0" m12="0.0" m13="0.0" m20="0.9945218953682733" m21="0.0" m22="-0.10452846326765423" m23="0.0" m30="-62.71707796059254" m31="0.0" m32="-596.713137220964" m33="1.0"/>
			<id_sources/>
			<relative_sources/>
		</element>
		<element id="45">
			<motors>
				<motor id="90">
					<position x="77.0" y="-162.5" z="0.0"/>
					<connectionPosition x="0.0" y="0.0" z="0.0"/>
				</motor>
				<motor id="91">
					<position x="90.0" y="-162.5" z="0.0"/>
					<connectionPosition x="90.0" y="0.0" z="0.0"/>
				</motor>
				<bounds>
					<point x="83.5" y="-162.5" z="0.0"/>
					<point x="83.5" y="-132.5" z="0.0"/>
				</bounds>
				<centroid x="45.0" y="0.0" z="0.0"/>
			</motors>
			<lights>
				<light id="135"/>
				<light id="136"/>
				<light id="137"/>
			</lights>
			<matrix m00="-1.8369701987210297E-16" m01="-0.0" m02="-1.0" m03="-0.0" m10="0.0" m11="1.0" m12="0.0" m13="0.0" m20="1.0" m21="0.0" m22="-1.8369701987210297E-16" m23="0.0" m30="-1.1021821192326178E-13" m31="0.0" m32="-600.0" m33="1.0"/>
			<id_sources/>
			<relative_sources/>
		</element>
		<element id="46">
			<motors>
				<motor id="92">
					<position x="77.0" y="-162.5" z="0.0"/>
					<connectionPosition x="0.0" y="0.0" z="0.0"/>
				</motor>
				<motor id="93">
					<position x="90.0" y="-162.5" z="0.0"/>
					<connectionPosition x="90.0" y="0.0" z="0.0"/>
				</motor>
				<bounds>
					<point x="83.5" y="-162.5" z="0.0"/>
