<?xml version="1.0" encoding="ISO-8859-1"?>
<sculpture>
	<elements>
		<element id="0">
			<motors>
				<motor id="0">
					<position x="-10.0" y="0.0" z="0.0"/>
					<connectionPosition x="-10.0" y="15.0" z="0.0"/>
				</motor>
				<motor id="1">
					<position x="10.0" y="0.0" z="0.0"/>
					<connectionPosition x="10.0" y="15.0" z="0.0"/>
				</motor>
				<bounds>
					<point x="0.0" y="0.0" z="0.0"/>
					<point x="0.0" y="30.0" z="0.0"/>
				</bounds>
				<centroid x="0.0" y="15.0" z="0.0"/>
			</motors>
			<lights>
				<light id="0"/>
				<light id="1"/>
				<light id="2"/>
			</lights>
			<matrix m00="1.0" m01="0.0" m02="0.0" m03="0.0" m10="0.0" m11="1.0" m12="0.0" m13="0.0" m20="0.0" m21="0.0" m22="1.0" m23="0.0" m30="60.0" m31="0.0" m32="0.0" m33="1.0"/>
			<id_sources/>
			<relative_sources/>
		</element>
		<element id="1">
			<motors>
				<motor id="2">
					<position x="-10.0" y="0.0" z="0.0"/>
					<connectionPosition x="-10.0" y="15.0" z="0.0"/>
				</motor>
				<motor id="3">
					<position x="10.0" y="0.0" z="0.0"/>
					<connectionPosition x="10.0" y="15.0" z="0.0"/>
				</motor>
				<bounds>
					<point x="0.0" y="0.0" z="0.0"/>
					<point x="0.0" y="30.0" z="0.0"/>
				</bounds>
				<centroid x="0.0" y="15.0" z="0.0"/>
			</motors>
			<lights>
				<light id="3"/>
				<light id="4"/>
				<light id="5"/>
			</lights>
			<matrix m00="0.9959742939952391" m01="0.0" m02="0.0896393089034335" m03="0.0" m10="0.0" m11="1.0" m12="0.0" m13="0.0" m20="-0.0896393089034335" m21="0.0" m22="0.9959742939952391" m23="0.0" m30="59.758457639714344" m31="0.0" m32="5.37835853420601" m33="1.0"/>
			<id_sources/>
			<relative_sources/>
		</element>
		<element id="2">
			<motors>
				<motor id="4">
					<position x="-10.0" y="0.0" z="0.0"/>
					<connectionPosition x="-10.0" y="15.0" z="0.0"/>
				</motor>
				<motor id="5">
					<position x="10.0" y="0.0" z="0.0"/>
					<connectionPosition x="10.0" y="15.0" z="0.0"/>
				</motor>
				<bounds>
					<point x="0.0" y="0.0" z="0.0"/>
					<point x="0.0" y="30.0" z="0.0"/>
				</bounds>
				<centroid x="0.0" y="15.0" z="0.0"/>
			</motors>
			<lights>
				<light id="6"/>
				<light id="7"/>
				<light id="8"/>
			</lights>
			<matrix m00="0.9839295885986297" m01="0.0" m02="0.17855689479863665" m03="0.0" m10="0.0" m11="1.0" m12="0.0" m13="0.0" m20="-0.17855689479863665" m21="0.0" m22="0.9839295885986297" m23="0.0" m30="59.03577531591778" m31="0.0" m32="10.7134136879182" m33="1.0"/>
			<id_sources/>
			<relative_sources/>
		</element>
		<element id="3">
			<motors>
				<motor id="6">
					<position x="-10.0" y="0.0" z="0.0"/>
					<connectionPosition x="-10.0" y="15.0" z="0.0"/>
				</motor>
				<motor id="7">
					<position x="10.0" y="0.0" z="0.0"/>
					<connectionPosition x="10.0" y="15.0" z="0.0"/>
				</motor>
				<bounds>
					<point x="0.0" y="0.0" z="0.0"/>
					<point x="0.0" y="30.0" z="0.0"/>
				</bounds>
				<centroid x="0.0" y="15.0" z="0.0"/>
			</motors>
			<lights>
				<light id="9"/>
				<light id="10"/>
				<light id="11"/>
			</lights>
			<matrix m00="0.9639628606958532" m01="0.0" m02="0.2660368455666751" m03="0.0" m10="0.0" m11="1.0" m12="0.0" m13="0.0" m20="-0.2660368455666751" m21="0.0" m22="0.9639628606958532" m23="0.0" m30="57.837771641751196" m31="0.0" m32="15.962210734000507" m33="1.0"/>
			<id_sources/>
			<relative_sources/>
		</element>
		<element id="4">
			<motors>
				<motor id="8">
					<position x="-10.0" y="0.0" z="0.0"/>
					<connectionPosition x="-10.0" y="15.0" z="0.0"/>
				</motor>
				<motor id="9">
					<position x="10.0" y="0.0" z="0.0"/>
					<connectionPosition x="10.0" y="15.0" z="0.0"/>
				</motor>
				<bounds>
					<point x="0.0" y="0.0" z="0.0"/>
					<point x="0.0" y="30.0" z="0.0"/>
				</bounds>
				<centroid x="0.0" y="15.0" z="0.0"/>
			</motors>
			<lights>
				<light id="12"/>
				<light id="13"/>
				<light id="14"/>
			</lights>
			<matrix m00="0.9362348706397372" m01="0.0" m02="0.3513748240813427" m03="0.0" m10="0.0" m11="1.0" m12="0.0" m13="0.0" m20="-0.3513748240813427" m21="0.0" m22="0.9362348706397372" m23="0.0" m30="56.17409223838423" m31="0.0" m32="21.08248944488056" m33="1.0"/>
			<id_sources/>
			<relative_sources/>
		</element>
		<element id="5">
			<motors>
				<motor id="10">
					<position x="-10.0" y="0.0" z="0.0"/>
					<connectionPosition x="-10.0" y="15.0" z="0.0"/>
				</motor>
				<motor id="11">
					<position x="10.0" y="0.0" z="0.0"/>
					<connectionPosition x="10.0" y="15.0" z="0.0"/>
				</motor>
				<bounds>
					<point x="0.0" y="0.0" z="0.0"/>
					<point x="0.0" y="30.0" z="0.0"/>
				</bounds>
				<centroid x="0.0" y="15.0" z="0.0"/>
			</motors>
			<lights>
				<light id="15"/>
				<light id="16"/>
				<light id="17"/>
			</lights>
			<matrix m00="0.9009688679024191" m01="0.0" m02="0.4338837391175581" m03="0.0" m10="0.0" m11="1.0" m12="0.0" m13="0.0" m20="-0.4338837391175581" m21="0.0" m22="0.9009688679024191" m23="0.0" m30="54.05813207414515" m31="0.0" m32="26.033024347053487" m33="1.0"/>
			<id_sources/>
			<relative_sources/>
		</element>
		<element id="6">
			<motors>
				<motor id="12">
					<position x="-10.0" y="0.0" z="0.0"/>
					<connectionPosition x="-10.0" y="15.0" z="0.0"/>
				</motor>
				<motor id="13">
					<position x="10.0" y="0.0" z="0.0"/>
					<connectionPosition x="10.0" y="15.0" z="0.0"/>
				</motor>
				<bounds>
					<point x="0.0" y="0.0" z="0.0"/>
					<point x="0.0" y="30.0" z="0.0"/>
				</bounds>
				<centroid x="0.0" y="15.0" z="0.0"/>
			</motors>
			<lights>
				<light id="18"/>
				<light id="19"/>
				<light id="20"/>
			</lights>
			<matrix m00="0.8584487936018661" m01="0.0" m02="0.5128992774059061" m03="0.0" m10="0.0" m11="1.0" m12="0.0" m13="0.0" m20="-0.5128992774059061" m21="0.0" m22="0.8584487936018661" m23="0.0" m30="51.506927616111966" m31="0.0" m32="30.773956644354367" m33="1.0"/>
			<id_sources/>
			<relative_sources/>
		</element>
		<element id="7">
			<motors>
				<motor id="14">
					<position x="-10.0" y="0.0" z="0.0"/>
					<connectionPosition x="-10.0" y="15.0" z="0.0"/>
				</motor>
				<motor id="15">
					<position x="10.0" y="0.0" z="0.0"/>
					<connectionPosition x="10.0" y="15.0" z="0.0"/>
				</motor>
				<bounds>
					<point x="0.0" y="0.0" z="0.0"/>
					<point x="0.0" y="30.0" z="0.0"/>
				</bounds>
				<centroid x="0.0" y="15.0" z="0.0"/>
			</motors>
			<lights>
				<light id="21"/>
				<light id="22"/>
				<light id="23"/>
			</lights>
			<matrix m00="0.8090169943749475" m01="0.0" m02="0.5877852522924731" m03="0.0" m10="0.0" m11="1.0" m12="0.0" m13="0.0" m20="-0.5877852522924731" m21="0.0" m22="0.8090169943749475" m23="0.0" m30="48.54101966249685" m31="0.0" m32="35.26711513754839" m33="1.0"/>
			<id_sources/>
			<relative_sources/>
		</element>
		<element id="8">
			<motors>
				<motor id="16">
					<position x="-10.0" y="0.0" z="0.0"/>
					<connectionPosition x="-10.0" y="15.0" z="0.0"/>
				</motor>
				<motor id="17">
					<position x="10.0" y="0.0" z="0.0"/>
					<connectionPosition x="10.0" y="15.0" z="0.0"/>
				</motor>
				<bounds>
					<point x="0.0" y="0.0" z="0.0"/>
					<point x="0.0" y="30.0" z="0.0"/>
				</bounds>
				<centroid x="0.0" y="15.0" z="0.0"/>
			</motors>
			<lights>
				<light id="24"/>
				<light id="25"/>
				<light id="26"/>
			</lights>
			<matrix m00="0.753071466003611" m01="0.0" m02="0.6579387259397126" m03="0.0" m10="0.0" m11="1.0" m12="0.0" m13="0.0" m20="-0.6579387259397126" m21="0.0" m22="0.753071466003611" m23="0.0" m30="45.18428796021666" m31="0.0" m32="39.47632355638275" m33="1.0"/>
			<id_sources/>
			<relative_sources/>
		</element>
		<element id="9">
			<motors>
				<motor id="18">
					<position x="-10.0" y="0.0" z="0.0"/>
					<connectionPosition x="-10.0" y="15.0" z="0.0"/>
				</motor>
				<motor id="19">
					<position x="10.0" y="0.0" z="0.0"/>
					<connectionPosition x="10.0" y="15.0" z="0.0"/>
				</motor>
				<bounds>
					<point x="0.0" y="0.0" z="0.0"/>
					<point x="0.0" y="30.0" z="0.0"/>
				</bounds>
				<centroid x="0.0" y="15.0" z="0.0"/>
			</motors>
			<lights>
				<light id="27"/>
				<light id="28"/>
				<light id="29"/>
			</lights>
			<matrix m00="0.6910626489868648" m01="0.0" m02="0.7227948638273914" m03="0.0" m10="0.0" m11="1.0" m12="0.0" m13="0.0" m20="-0.7227948638273914" m21="0.0" m22="0.6910626489868648" m23="0.0" m30="41.463758939211885" m31="0.0" m32="43.36769182964348" m33="1.0"/>
			<id_sources/>
			<relative_sources/>
		</element>
		<element id="10">
			<motors>
				<motor id="20">
					<position x="-10.0" y="0.0" z="0.0"/>
					<connectionPosition x="-10.0" y="15.0" z="0.0"/>
				</motor>
				<motor id="21">
					<position x="10.0" y="0.0" z="0.0"/>
					<connectionPosition x="10.0" y="15.0" z="0.0"/>
				</motor>
				<bounds>
					<point x="0.0" y="0.0" z="0.0"/>
					<point x="0.0" y="30.0" z="0.0"/>
				</bounds>
				<centroid x="0.0" y="15.0" z="0.0"/>
			</motors>
			<lights>
				<light id="30"/>
				<light id="31"/>
				<light id="32"/>
			</lights>
			<matrix m00="0.6234898018587336" m01="0.0" m02="0.7818314824680298" m03="0.0" m10="0.0" m11="1.0" m12="0.0" m13="0.0" m20="-0.7818314824680298" m21="0.0" m22="0.6234898018587336" m23="0.0" m30="37.40938811152402" m31="0.0" m32="46.909888948081786" m33="1.0"/>
			<id_sources/>
			<relative_sources/>
		</element>
		<element id="11">
			<motors>
				<motor id="22">
					<position x="-10.0" y="0.0" z="0.0"/>
					<connectionPosition x="-10.0" y="15.0" z="0.0"/>
				</motor>
				<motor id="23">
					<position x="10.0" y="0.0" z="0.0"/>
					<connectionPosition x="10.0" y="15.0" z="0.0"/>
				</motor>
				<bounds>
					<point x="0.0" y="0.0" z="0.0"/>
					<point x="0.0" y="30.0" z="0.0"/>
				</bounds>
				<centroid x="0.0" y="15.0" z="0.0"/>
			</motors>
			<lights>
				<light id="33"/>
				<light id="34"/>
				<light id="35"/>
			</lights>
			<matrix m00="0.5508969814521025" m01="0.0" m02="0.8345732537213026" m03="0.0" m10="0.0" m11="1.0" m12="0.0" m13="0.0" m20="-0.8345732537213026" m21="0.0" m22="0.5508969814521025" m23="0.0" m30="33.053818887126155" m31="0.0" m32="50.07439522327816" m33="1.0"/>
			<id_sources/>
			<relative_sources/>
		</element>
		<element id="12">
			<motors>
				<motor id="24">
					<position x="-10.0" y="0.0" z="0.0"/>
					<connectionPosition x="-10.0" y="15.0" z="0.0"/>
				</motor>
				<motor id="25">
					<position x="10.0" y="0.0" z="0.0"/>
					<connectionPosition x="10.0" y="15.0" z="0.0"/>
				</motor>
				<bounds>
					<point x="0.0" y="0.0" z="0.0"/>
					<point x="0.0" y="30.0" z="0.0"/>
				</bounds>
				<centroid x="0.0" y="15.0" z="0.0"/>
			</motors>
			<lights>
				<light id="36"/>
				<light id="37"/>
				<light id="38"/>
			</lights>
			<matrix m00="0.4738686624729987" m01="0.0" m02="0.880595531856738" m03="0.0" m10="0.0" m11="1.0" m12="0.0" m13="0.0" m20="-0.880595531856738" m21="0.0" m22="0.4738686624729987" m23="0.0" m30="28.43211974837992" m31="0.0" m32="52.83573191140428" m33="1.0"/>
			<id_sources/>
			<relative_sources/>
		</element>
		<element id="13">
			<motors>
				<motor id="26">
					<position x="-10.0" y="0.0" z="0.0"/>
					<connectionPosition x="-10.0" y="15.0" z="0.0"/>
				</motor>
				<motor id="27">
					<position x="10.0" y="0.0" z="0.0"/>
					<connectionPosition x="10.0" y="15.0" z="0.0"/>
				</motor>
				<bounds>
					<point x="0.0" y="0.0" z="0.0"/>
					<point x="0.0" y="30.0" z="0.0"/>
				</bounds>
				<centroid x="0.0" y="15.0" z="0.0"/>
			</motors>
			<lights>
				<light id="39"/>
				<light id="40"/>
				<light id="41"/>
			</lights>
			<matrix m00="0.39302503165392366" m01="0.0" m02="0.9195277725514506" m03="0.0" m10="0.0" m11="1.0" m12="0.0" m13="0.0" m20="-0.9195277725514506" m21="0.0" m22="0.39302503165392366" m23="0.0" m30="23.58150189923542" m31="0.0" m32="55.17166635308703" m33="1.0"/>
			<id_sources/>
			<relative_sources/>
		</element>
		<element id="14">
			<motors>
				<motor id="28">
					<position x="-10.0" y="0.0" z="0.0"/>
					<connectionPosition x="-10.0" y="15.0" z="0.0"/>
				</motor>
				<motor id="29">
					<position x="10.0" y="0.0" z="0.0"/>
					<connectionPosition x="10.0" y="15.0" z="0.0"/>
				</motor>
				<bounds>
					<point x="0.0" y="0.0" z="0.0"/>
					<point x="0.0" y="30.0" z="0.0"/>
				</bounds>
				<centroid x="0.0" y="15.0" z="0.0"/>
			</motors>
			<lights>
				<light id="42"/>
				<light id="43"/>
				<light id="44"/>
			</lights>
			<matrix m00="0.30901699437494745" m01="0.0" m02="0.9510565162951535" m03="0.0" m10="0.0" m11="1.0" m12="0.0" m13="0.0" m20="-0.9510565162951535" m21="0.0" m22="0.30901699437494745" m23="0.0" m30="18.541019662496847" m31="0.0" m32="57.06339097770921" m33="1.0"/>
			<id_sources/>
			<relative_sources/>
		</element>
		<element id="15">
			<motors>
				<motor id="30">
					<position x="-10.0" y="0.0" z="0.0"/>
					<connectionPosition x="-10.0" y="15.0" z="0.0"/>
				</motor>
				<motor id="31">
					<position x="10.0" y="0.0" z="0.0"/>
					<connectionPosition x="10.0" y="15.0" z="0.0"/>
				</motor>
				<bounds>
					<point x="0.0" y="0.0" z="0.0"/>
					<point x="0.0" y="30.0" z="0.0"/>
				</bounds>
				<centroid x="0.0" y="15.0" z="0.0"/>
			</motors>
			<lights>
				<light id="45"/>
				<light id="46"/>
				<light id="47"/>
			</lights>
			<matrix m00="0.22252093395631445" m01="0.0" m02="0.9749279121818236" m03="0.0" m10="0.0" m11="1.0" m12="0.0" m13="0.0" m20="-0.9749279121818236" m21="0.0" m22="0.22252093395631445" m23="0.0" m30="13.351256037378867" m31="0.0" m32="58.495674730909414" m33="1.0"/>
			<id_sources/>
			<relative_sources/>
		</element>
		<element id="16">
			<motors>
				<motor id="32">
					<position x="-10.0" y="0.0" z="0.0"/>
					<connectionPosition x="-10.0" y="15.0" z="0.0"/>
				</motor>
				<motor id="33">
					<position x="10.0" y="0.0" z="0.0"/>
					<connectionPosition x="10.0" y="15.0" z="0.0"/>
				</motor>
				<bounds>
					<point x="0.0" y="0.0" z="0.0"/>
					<point x="0.0" y="30.0" z="0.0"/>
				</bounds>
				<centroid x="0.0" y="15.0" z="0.0"/>
			</motors>
			<lights>
				<light id="48"/>
				<light id="49"/>
				<light id="50"/>
			</lights>
			<matrix m00="0.13423326581765554" m01="0.0" m02="0.9909497617679347" m03="0.0" m10="0.0" m11="1.0" m12="0.0" m13="0.0" m20="-0.9909497617679347" m21="0.0" m22="0.13423326581765554" m23="0.0" m30="8.053995949059333" m31="0.0" m32="59.45698570607608" m33="1.0"/>
			<id_sources/>
			<relative_sources/>
		</element>
		<element id="17">
			<motors>
				<motor id="34">
					<position x="-10.0" y="0.0" z="0.0"/>
					<connectionPosition x="-10.0" y="15.0" z="0.0"/>
				</motor>
				<motor id="35">
					<position x="10.0" y="0.0" z="0.0"/>
					<connectionPosition x="10.0" y="15.0" z="0.0"/>
				</motor>
				<bounds>
					<point x="0.0" y="0.0" z="0.0"/>
					<point x="0.0" y="30.0" z="0.0"/>
				</bounds>
				<centroid x="0.0" y="15.0" z="0.0"/>
			</motors>
			<lights>
				<light id="51"/>
				<light id="52"/>
				<light id="53"/>
			</lights>
			<matrix m00="0.044864830350514986" m01="0.0" m02="0.9989930665413146" m03="0.0" m10="0.0" m11="1.0" m12="0.0" m13="0.0" m20="-0.9989930665413146" m21="0.0" m22="0.044864830350514986" m23="0.0" m30="2.691889821030899" m31="0.0" m32="59.93958399247887" m33="1.0"/>
			<id_sources/>
			<relative_sources/>
		</element>
		<element id="18">
			<motors>
				<motor id="36">
					<position x="-10.0" y="0.0" z="0.0"/>
					<connectionPosition x="-10.0" y="15.0" z="0.0"/>
				</motor>
				<motor id="37">
					<position x="10.0" y="0.0" z="0.0"/>
					<connectionPosition x="10.0" y="15.0" z="0.0"/>
				</motor>
				<bounds>
					<point x="0.0" y="0.0" z="0.0"/>
					<point x="0.0" y="30.0" z="0.0"/>
				</bounds>
				<centroid x="0.0" y="15.0" z="0.0"/>
			</motors>
			<lights>
				<light id="54"/>
				<light id="55"/>
				<light id="56"/>
			</lights>
			<matrix m00="-0.04486483035051464" m01="0.0" m02="0.9989930665413147" m03="0.0" m10="0.0" m11="1.0" m12="0.0" m13="0.0" m20="-0.9989930665413147" m21="-0.0" m22="-0.04486483035051464" m23="-0.0" m30="-2.6918898210308786" m31="0.0" m32="59.93958399247888" m33="1.0"/>
			<id_sources/>
			<relative_sources/>
		</element>
		<element id="19">
			<motors>
				<motor id="38">
					<position x="-10.0" y="0.0" z="0.0"/>
					<connectionPosition x="-10.0" y="15.0" z="0.0"/>
				</motor>
				<motor id="39">
					<position x="10.0" y="0.0" z="0.0"/>
					<connectionPosition x="10.0" y="15.0" z="0.0"/>
				</motor>
				<bounds>
					<point x="0.0" y="0.0" z="0.0"/>
					<point x="0.0" y="30.0" z="0.0"/>
				</bounds>
				<centroid x="0.0" y="15.0" z="0.0"/>
			</motors>
			<lights>
				<light id="57"/>
				<light id="58"/>
				<light id="59"/>
			</lights>
			<matrix m00="-0.13423326581765518" m01="0.0" m02="0.9909497617679348" m03="0.0" m10="0.0" m11="1.0" m12="0.0" m13="0.0" m20="-0.9909497617679348" m21="-0.0" m22="-0.13423326581765518" m23="-0.0" m30="-8.053995949059312" m31="0.0" m32="59.45698570607609" m33="1.0"/>
			<id_sources/>
			<relative_sources/>
		</element>
		<element id="20">
			<motors>
				<motor id="40">
					<position x="-10.0" y="0.0" z="0.0"/>
					<connectionPosition x="-10.0" y="15.0" z="0.0"/>
				</motor>
				<motor id="41">
					<position x="10.0" y="0.0" z="0.0"/>
					<connectionPosition x="10.0" y="15.0" z="0.0"/>
				</motor>
				<bounds>
					<point x="0.0" y="0.0" z="0.0"/>
					<point x="0.0" y="30.0" z="0.0"/>
				</bounds>
				<centroid x="0.0" y="15.0" z="0.0"/>
			</motors>
			<lights>
				<light id="60"/>
				<light id="61"/>
				<light id="62"/>
			</lights>
			<matrix m00="-0.22252093395631434" m01="0.0" m02="0.9749279121818236" m03="0.0" m10="0.0" m11="1.0" m12="0.0" m13="0.0" m20="-0.9749279121818236" m21="-0.0" m22="-0.22252093395631434" m23="-0.0" m30="-13.35125603737886" m31="0.0" m32="58.495674730909414" m33="1.0"/>
			<id_sources/>
			<relative_sources/>
		</element>
		<element id="21">
			<motors>
				<motor id="42">
					<position x="-10.0" y="0.0" z="0.0"/>
					<connectionPosition x="-10.0" y="15.0" z="0.0"/>
				</motor>
				<motor id="43">
					<position x="10.0" y="0.0" z="0.0"/>
					<connectionPosition x="10.0" y="15.0" z="0.0"/>
				</motor>
				<bounds>
					<point x="0.0" y="0.0" z="0.0"/>
					<point x="0.0" y="30.0" z="0.0"/>
				</bounds>
				<centroid x="0.0" y="15.0" z="0.0"/>
			</motors>
			<lights>
				<light id="63"/>
				<light id="64"/>
				<light id="65"/>
			</lights>
			<matrix m00="-0.30901699437494734" m01="0.0" m02="0.9510565162951536" m03="0.0" m10="0.0" m11="1.0" m12="0.0" m13="0.0" m20="-0.9510565162951536" m21="-0.0" m22="-0.30901699437494734" m23="-0.0" m30="-18.54101966249684" m31="0.0" m32="57.06339097770922" m33="1.0"/>
			<id_sources/>
			<relative_sources/>
		</element>
		<element id="22">
			<motors>
				<motor id="44">
					<position x="-10.0" y="0.0" z="0.0"/>
					<connectionPosition x="-10.0" y="15.0" z="0.0"/>
				</motor>
				<motor id="45">
					<position x="10.0" y="0.0" z="0.0"/>
					<connectionPosition x="10.0" y="15.0" z="0.0"/>
				</motor>
				<bounds>
					<point x="0.0" y="0.0" z="0.0"/>
					<point x="0.0" y="30.0" z="0.0"/>
				</bounds>
				<centroid x="0.0" y="15.0" z="0.0"/>
			</motors>
			<lights>
				<light id="66"/>
				<light id="67"/>
				<light id="68"/>
			</lights>
			<matrix m00="-0.39302503165392355" m01="0.0" m02="0.9195277725514507" m03="0.0" m10="0.0" m11="1.0" m12="0.0" m13="0.0" m20="-0.9195277725514507" m21="-0.0" m22="-0.39302503165392355" m23="-0.0" m30="-23.581501899235413" m31="0.0" m32="55.17166635308704" m33="1.0"/>
			<id_sources/>
			<relative_sources/>
		</element>
		<element id="23">
			<motors>
				<motor id="46">
					<position x="-10.0" y="0.0" z="0.0"/>
					<connectionPosition x="-10.0" y="15.0" z="0.0"/>
				</motor>
				<motor id="47">
					<position x="10.0" y="0.0" z="0.0"/>
					<connectionPosition x="10.0" y="15.0" z="0.0"/>
				</motor>
				<bounds>
					<point x="0.0" y="0.0" z="0.0"/>
					<point x="0.0" y="30.0" z="0.0"/>
				</bounds>
				<centroid x="0.0" y="15.0" z="0.0"/>
			</motors>
			<lights>
				<light id="69"/>
				<light id="70"/>
				<light id="71"/>
			</lights>
			<matrix m00="-0.4738686624729986" m01="0.0" m02="0.880595531856738" m03="0.0" m10="0.0" m11="1.0" m12="0.0" m13="0.0" m20="-0.880595531856738" m21="-0.0" m22="-0.4738686624729986" m23="-0.0" m30="-28.432119748379915" m31="0.0" m32="52.83573191140428" m33="1.0"/>
			<id_sources/>
			<relative_sources/>
		</element>
		<element id="24">
			<motors>
				<motor id="48">
					<position x="-10.0" y="0.0" z="0.0"/>
					<connectionPosition x="-10.0" y="15.0" z="0.0"/>
				</motor>
				<motor id="49">
					<position x="10.0" y="0.0" z="0.0"/>
					<connectionPosition x="10.0" y="15.0" z="0.0"/>
				</motor>
				<bounds>
					<point x="0.0" y="0.0" z="0.0"/>
					<point x="0.0" y="30.0" z="0.0"/>
				</bounds>
				<centroid x="0.0" y="15.0" z="0.0"/>
			</motors>
			<lights>
				<light id="72"/>
				<light id="73"/>
				<light id="74"/>
			</lights>
			<matrix m00="-0.5508969814521024" m01="0.0" m02="0.8345732537213026" m03="0.0" m10="0.0" m11="1.0" m12="0.0" m13="0.0" m20="-0.8345732537213026" m21="-0.0" m22="-0.5508969814521024" m23="-0.0" m30="-33.05381888712615" m31="0.0" m32="50.07439522327816" m33="1.0"/>
			<id_sources/>
			<relative_sources/>
		</element>
		<element id="25">
			<motors>
				<motor id="50">
					<position x="-10.0" y="0.0" z="0.0"/>
					<connectionPosition x="-10.0" y="15.0" z="0.0"/>
				</motor>
				<motor id="51">
					<position x="10.0" y="0.0" z="0.0"/>
					<connectionPosition x="10.0" y="15.0" z="0.0"/>
				</motor>
				<bounds>
					<point x="0.0" y="0.0" z="0.0"/>
					<point x="0.0" y="30.0" z="0.0"/>
				</bounds>
				<centroid x="0.0" y="15.0" z="0.0"/>
			</motors>
			<lights>
				<light id="75"/>
				<light id="76"/>
				<light id="77"/>
			</lights>
			<matrix m00="-0.6234898018587335" m01="0.0" m02="0.7818314824680299" m03="0.0" m10="0.0" m11="1.0" m12="0.0" m13="0.0" m20="-0.7818314824680299" m21="-0.0" m22="-0.6234898018587335" m23="-0.0" m30="-37.40938811152401" m31="0.0" m32="46.90988894808179" m33="1.0"/>
			<id_sources/>
			<relative_sources/>
		</element>
		<element id="26">
			<motors>
				<motor id="52">
					<position x="-10.0" y="0.0" z="0.0"/>
					<connectionPosition x="-10.0" y="15.0" z="0.0"/>
				</motor>
				<motor id="53">
					<position x="10.0" y="0.0" z="0.0"/>
					<connectionPosition x="10.0" y="15.0" z="0.0"/>
				</motor>
				<bounds>
					<point x="0.0" y="0.0" z="0.0"/>
					<point x="0.0" y="30.0" z="0.0"/>
				</bounds>
				<centroid x="0.0" y="15.0" z="0.0"/>
			</motors>
			<lights>
				<light id="78"/>
				<light id="79"/>
				<light id="80"/>
			</lights>
			<matrix m00="-0.6910626489868645" m01="0.0" m02="0.7227948638273916" m03="0.0" m10="0.0" m11="1.0" m12="0.0" m13="0.0" m20="-0.7227948638273916" m21="-0.0" m22="-0.6910626489868645" m23="-0.0" m30="-41.46375893921187" m31="0.0" m32="43.36769182964349" m33="1.0"/>
			<id_sources/>
			<relative_sources/>
		</element>
		<element id="27">
			<motors>
				<motor id="54">
					<position x="-10.0" y="0.0" z="0.0"/>
					<connectionPosition x="-10.0" y="15.0" z="0.0"/>
				</motor>
				<motor id="55">
					<position x="10.0" y="0.0" z="0.0"/>
					<connectionPosition x="10.0" y="15.0" z="0.0"/>
				</motor>
				<bounds>
					<point x="0.0" y="0.0" z="0.0"/>
					<point x="0.0" y="30.0" z="0.0"/>
				</bounds>
				<centroid x="0.0" y="15.0" z="0.0"/>
			</motors>
			<lights>
				<light id="81"/>
				<light id="82"/>
				<light id="83"/>
			</lights>
			<matrix m00="-0.7530714660036109" m01="0.0" m02="0.6579387259397127" m03="0.0" m10="0.0" m11="1.0" m12="0.0" m13="0.0" m20="-0.6579387259397127" m21="-0.0" m22="-0.7530714660036109" m23="-0.0" m30="-45.18428796021665" m31="0.0" m32="39.47632355638276" m33="1.0"/>
			<id_sources/>
			<relative_sources/>
		</element>
		<element id="28">
			<motors>
				<motor id="56">
					<position x="-10.0" y="0.0" z="0.0"/>
					<connectionPosition x="-10.0" y="15.0" z="0.0"/>
				</motor>
				<motor id="57">
					<position x="10.0" y="0.0" z="0.0"/>
					<connectionPosition x="10.0" y="15.0" z="0.0"/>
				</motor>
				<bounds>
					<point x="0.0" y="0.0" z="0.0"/>
					<point x="0.0" y="30.0" z="0.0"/>
				</bounds>
				<centroid x="0.0" y="15.0" z="0.0"/>
			</motors>
			<lights>
				<light id="84"/>
				<light id="85"/>
				<light id="86"/>
			</lights>
			<matrix m00="-0.8090169943749473" m01="0.0" m02="0.5877852522924732" m03="0.0" m10="0.0" m11="1.0" m12="0.0" m13="0.0" m20="-0.5877852522924732" m21="-0.0" m22="-0.8090169943749473" m23="-0.0" m30="-48.54101966249684" m31="0.0" m32="35.267115137548394" m33="1.0"/>
			<id_sources/>
			<relative_sources/>
		</element>
		<element id="29">
			<motors>
				<motor id="58">
					<position x="-10.0" y="0.0" z="0.0"/>
					<connectionPosition x="-10.0" y="15.0" z="0.0"/>
				</motor>
				<motor id="59">
					<position x="10.0" y="0.0" z="0.0"/>
					<connectionPosition x="10.0" y="15.0" z="0.0"/>
				</motor>
				<bounds>
					<point x="0.0" y="0.0" z="0.0"/>
					<point x="0.0" y="30.0" z="0.0"/>
				</bounds>
				<centroid x="0.0" y="15.0" z="0.0"/>
			</motors>
			<lights>
				<light id="87"/>
				<light id="88"/>
				<light id="89"/>
			</lights>
			<matrix m00="-0.8584487936018661" m01="0.0" m02="0.5128992774059062" m03="0.0" m10="0.0" m11="1.0" m12="0.0" m13="0.0" m20="-0.5128992774059062" m21="-0.0" m22="-0.8584487936018661" m23="-0.0" m30="-51.506927616111966" m31="0.0" m32="30.773956644354374" m33="1.0"/>
			<id_sources/>
			<relative_sources/>
		</element>
		<element id="30">
			<motors>
				<motor id="60">
					<position x="-10.0" y="0.0" z="0.0"/>
					<connectionPosition x="-10.0" y="15.0" z="0.0"/>
				</motor>
				<motor id="61">
					<position x="10.0" y="0.0" z="0.0"/>
					<connectionPosition x="10.0" y="15.0" z="0.0"/>
				</motor>
				<bounds>
					<point x="0.0" y="0.0" z="0.0"/>
					<point x="0.0" y="30.0" z="0.0"/>
				</bounds>
				<centroid x="0.0" y="15.0" z="0.0"/>
			</motors>
			<lights>
				<light id="90"/>
				<light id="91"/>
				<light id="92"/>
			</lights>
			<matrix m00="-0.900968867902419" m01="0.0" m02="0.43388373911755823" m03="0.0" m10="0.0" m11="1.0" m12="0.0" m13="0.0" m20="-0.43388373911755823" m21="-0.0" m22="-0.900968867902419" m23="-0.0" m30="-54.05813207414514" m31="0.0" m32="26.033024347053495" m33="1.0"/>
			<id_sources/>
			<relative_sources/>
		</element>
		<element id="31">
			<motors>
				<motor id="62">
					<position x="-10.0" y="0.0" z="0.0"/>
					<connectionPosition x="-10.0" y="15.0" z="0.0"/>
				</motor>
				<motor id="63">
					<position x="10.0" y="0.0" z="0.0"/>
					<connectionPosition x="10.0" y="15.0" z="0.0"/>
				</motor>
				<bounds>
					<point x="0.0" y="0.0" z="0.0"/>
					<point x="0.0" y="30.0" z="0.0"/>
				</bounds>
				<centroid x="0.0" y="15.0" z="0.0"/>
			</motors>
			<lights>
				<light id="93"/>
				<light id="94"/>
				<light id="95"/>
			</lights>
			<matrix m00="-0.9362348706397372" m01="0.0" m02="0.3513748240813428" m03="0.0" m10="0.0" m11="1.0" m12="0.0" m13="0.0" m20="-0.3513748240813428" m21="-0.0" m22="-0.9362348706397372" m23="-0.0" m30="-56.17409223838423" m31="0.0" m32="21.08248944488057" m33="1.0"/>
			<id_sources/>
			<relative_sources/>
		</element>
		<element id="32">
			<motors>
				<motor id="64">
					<position x="-10.0" y="0.0" z="0.0"/>
					<connectionPosition x="-10.0" y="15.0" z="0.0"/>
				</motor>
				<motor id="65">
					<position x="10.0" y="0.0" z="0.0"/>
					<connectionPosition x="10.0" y="15.0" z="0.0"/>
				</motor>
				<bounds>
					<point x="0.0" y="0.0" z="0.0"/>
					<point x="0.0" y="30.0" z="0.0"/>
				</bounds>
				<centroid x="0.0" y="15.0" z="0.0"/>
			</motors>
			<lights>
				<light id="96"/>
				<light id="97"/>
				<light id="98"/>
			</lights>
			<matrix m00="-0.9639628606958532" m01="0.0" m02="0.26603684556667523" m03="0.0" m10="0.0" m11="1.0" m12="0.0" m13="0.0" m20="-0.26603684556667523" m21="-0.0" m22="-0.9639628606958532" m23="-0.0" m30="-57.837771641751196" m31="0.0" m32="15.962210734000514" m33="1.0"/>
			<id_sources/>
			<relative_sources/>
		</element>
		<element id="33">
			<motors>
				<motor id="66">
					<position x="-10.0" y="0.0" z="0.0"/>
					<connectionPosition x="-10.0" y="15.0" z="0.0"/>
				</motor>
				<motor id="67">
					<position x="10.0" y="0.0" z="0.0"/>
					<connectionPosition x="10.0" y="15.0" z="0.0"/>
				</motor>
				<bounds>
					<point x="0.0" y="0.0" z="0.0"/>
					<point x="0.0" y="30.0" z="0.0"/>
				</bounds>
				<centroid x="0.0" y="15.0" z="0.0"/>
			</motors>
			<lights>
				<light id="99"/>
				<light id="100"/>
				<light id="101"/>
			</lights>
			<matrix m00="-0.9839295885986297" m01="0.0" m02="0.17855689479863676" m03="0.0" m10="0.0" m11="1.0" m12="0.0" m13="0.0" m20="-0.17855689479863676" m21="-0.0" m22="-0.9839295885986297" m23="-0.0" m30="-59.03577531591778" m31="0.0" m32="10.713413687918205" m33="1.0"/>
			<id_sources/>
			<relative_sources/>
		</element>
		<element id="34">
			<motors>
				<motor id="68">
					<position x="-10.0" y="0.0" z="0.0"/>
					<connectionPosition x="-10.0" y="15.0" z="0.0"/>
				</motor>
				<motor id="69">
					<position x="10.0" y="0.0" z="0.0"/>
					<connectionPosition x="10.0" y="15.0" z="0.0"/>
				</motor>
				<bounds>
					<point x="0.0" y="0.0" z="0.0"/>
					<point x="0.0" y="30.0" z="0.0"/>
				</bounds>
				<centroid x="0.0" y="15.0" z="0.0"/>
			</motors>
			<lights>
				<light id="102"/>
				<light id="103"/>
				<light id="104"/>
			</lights>
			<matrix m00="-0.9959742939952391" m01="0.0" m02="0.08963930890343362" m03="0.0" m10="0.0" m11="1.0" m12="0.0" m13="0.0" m20="-0.08963930890343362" m21="-0.0" m22="-0.9959742939952391" m23="-0.0" m30="-59.758457639714344" m31="0.0" m32="5.378358534206018" m33="1.0"/>
			<id_sources/>
			<relative_sources/>
		</element>
		<element id="35">
			<motors>
				<motor id="70">
					<position x="-10.0" y="0.0" z="0.0"/>
					<connectionPosition x="-10.0" y="15.0" z="0.0"/>
				</motor>
				<motor id="71">
					<position x="10.0" y="0.0" z="0.0"/>
					<connectionPosition x="10.0" y="15.0" z="0.0"/>
				</motor>
				<bounds>
					<point x="0.0" y="0.0" z="0.0"/>
					<point x="0.0" y="30.0" z="0.0"/>
				</bounds>
				<centroid x="0.0" y="15.0" z="0.0"/>
			</motors>
			<lights>
				<light id="105"/>
				<light id="106"/>
				<light id="107"/>
			</lights>
			<matrix m00="-1.0" m01="0.0" m02="1.2246467991473532E-16" m03="0.0" m10="0.0" m11="1.0" m12="0.0" m13="0.0" m20="-1.2246467991473532E-16" m21="-0.0" m22="-1.0" m23="-0.0" m30="-60.0" m31="0.0" m32="7.34788079488412E-15" m33="1.0"/>
			<id_sources/>
			<relative_sources/>
		</element>
		<element id="36">
			<motors>
				<motor id="72">
					<position x="-10.0" y="0.0" z="0.0"/>
					<connectionPosition x="-10.0" y="15.0" z="0.0"/>
				</motor>
				<motor id="73">
					<position x="10.0" y="0.0" z="0.0"/>
					<connectionPosition x="10.0" y="15.0" z="0.0"/>
				</motor>
				<bounds>
					<point x="0.0" y="0.0" z="0.0"/>
					<point x="0.0" y="30.0" z="0.0"/>
				</bounds>
				<centroid x="0.0" y="15.0" z="0.0"/>
			</motors>
			<lights>
				<light id="108"/>
				<light id="109"/>
				<light id="110"/>
			</lights>
			<matrix m00="-0.9959742939952391" m01="-0.0" m02="-0.08963930890343293" m03="-0.0" m10="0.0" m11="1.0" m12="0.0" m13="0.0" m20="0.08963930890343293" m21="0.0" m22="-0.9959742939952391" m23="0.0" m30="-59.758457639714344" m31="0.0" m32="-5.378358534205976" m33="1.0"/>
			<id_sources/>
			<relative_sources/>
		</element>
		<element id="37">
			<motors>
				<motor id="74">
					<position x="-10.0" y="0.0" z="0.0"/>
					<connectionPosition x="-10.0" y="15.0" z="0.0"/>
				</motor>
				<motor id="75">
					<position x="10.0" y="0.0" z="0.0"/>
					<connectionPosition x="10.0" y="15.0" z="0.0"/>
				</motor>
				<bounds>
					<point x="0.0" y="0.0" z="0.0"/>
					<point x="0.0" y="30.0" z="0.0"/>
				</bounds>
				<centroid x="0.0" y="15.0" z="0.0"/>
			</motors>
			<lights>
				<light id="111"/>
				<light id="112"/>
				<light id="113"/>
			</lights>
			<matrix m00="-0.9839295885986297" m01="-0.0" m02="-0.1785568947986365" m03="-0.0" m10="0.0" m11="1.0" m12="0.0" m13="0.0" m20="0.1785568947986365" m21="0.0" m22="-0.9839295885986297" m23="0.0" m30="-59.03577531591778" m31="0.0" m32="-10.713413687918191" m33="1.0"/>
			<id_sources/>
			<relative_sources/>
		</element>
		<element id="38">
			<motors>
				<motor id="76">
					<position x="-10.0" y="0.0" z="0.0"/>
					<connectionPosition x="-10.0" y="15.0" z="0.0"/>
				</motor>
				<motor id="77">
					<position x="10.0" y="0.0" z="0.0"/>
					<connectionPosition x="10.0" y="15.0" z="0.0"/>
				</motor>
				<bounds>
					<point x="0.0" y="0.0" z="0.0"/>
					<point x="0.0" y="30.0" z="0.0"/>
				</bounds>
				<centroid x="0.0" y="15.0" z="0.0"/>
			</motors>
			<lights>
				<light id="114"/>
				<light id="115"/>
				<light id="116"/>
			</lights>
			<matrix m00="-0.9639628606958535" m01="-0.0" m02="-0.26603684556667456" m03="-0.0" m10="0.0" m11="1.0" m12="0.0" m13="0.0" m20="0.26603684556667456" m21="0.0" m22="-0.9639628606958535" m23="0.0" m30="-57.83777164175121" m31="0.0" m32="-15.962210734000474" m33="1.0"/>
			<id_sources/>
			<relative_sources/>
		</element>
		<element id="39">
			<motors>
				<motor id="78">
					<position x="-10.0" y="0.0" z="0.0"/>
					<connectionPosition x="-10.0" y="15.0" z="0.0"/>
				</motor>
				<motor id="79">
					<position x="10.0" y="0.0" z="0.0"/>
					<connectionPosition x="10.0" y="15.0" z="0.0"/>
				</motor>
				<bounds>
					<point x="0.0" y="0.0" z="0.0"/>
					<point x="0.0" y="30.0" z="0.0"/>
				</bounds>
				<centroid x="0.0" y="15.0" z="0.0"/>
			</motors>
			<lights>
				<light id="117"/>
				<light id="118"/>
				<light id="119"/>
			</lights>
			<matrix m00="-0.9362348706397372" m01="-0.0" m02="-0.3513748240813426" m03="-0.0" m10="0.0" m11="1.0" m12="0.0" m13="0.0" m20="0.3513748240813426" m21="0.0" m22="-0.9362348706397372" m23="0.0" m30="-56.17409223838423" m31="0.0" m32="-21.082489444880554" m33="1.0"/>
			<id_sources/>
			<relative_sources/>
		</element>
		<element id="40">
			<motors>
				<motor id="80">
					<position x="-10.0" y="0.0" z="0.0"/>
					<connectionPosition x="-10.0" y="15.0" z="0.0"/>
				</motor>
				<motor id="81">
					<position x="10.0" y="0.0" z="0.0"/>
					<connectionPosition x="10.0" y="15.0" z="0.0"/>
				</motor>
				<bounds>
					<point x="0.0" y="0.0" z="0.0"/>
					<point x="0.0" y="30.0" z="0.0"/>
				</bounds>
				<centroid x="0.0" y="15.0" z="0.0"/>
			</motors>
			<lights>
				<light id="120"/>
				<light id="121"/>
				<light id="122"/>
			</lights>
			<matrix m00="-0.9009688679024191" m01="-0.0" m02="-0.433883739117558" m03="-0.0" m10="0.0" m11="1.0" m12="0.0" m13="0.0" m20="0.433883739117558" m21="0.0" m22="-0.9009688679024191" m23="0.0" m30="-54.05813207414515" m31="0.0" m32="-26.03302434705348" m33="1.0"/>
			<id_sources/>
			<relative_sources/>
		</element>
		<element id="41">
			<motors>
				<motor id="82">
					<position x="-10.0" y="0.0" z="0.0"/>
					<connectionPosition x="-10.0" y="15.0" z="0.0"/>
				</motor>
				<motor id="83">
					<position x="10.0" y="0.0" z="0.0"/>
					<connectionPosition x="10.0" y="15.0" z="0.0"/>
				</motor>
				<bounds>
					<point x="0.0" y="0.0" z="0.0"/>
					<point x="0.0" y="30.0" z="0.0"/>
				</bounds>
				<centroid x="0.0" y="15.0" z="0.0"/>
			</motors>
			<lights>
				<light id="123"/>
				<light id="124"/>
				<light id="125"/>
			</lights>
			<matrix m00="-0.8584487936018662" m01="-0.0" m02="-0.512899277405906" m03="-0.0" m10="0.0" m11="1.0" m12="0.0" m13="0.0" m20="0.512899277405906" m21="0.0" m22="-0.8584487936018662" m23="0.0" m30="-51.50692761611197" m31="0.0" m32="-30.77395664435436" m33="1.0"/>
			<id_sources/>
			<relative_sources/>
		</element>
		<element id="42">
			<motors>
				<motor id="84">
					<position x="-10.0" y="0.0" z="0.0"/>
					<connectionPosition x="-10.0" y="15.0" z="0.0"/>
				</motor>
				<motor id="85">
					<position x="10.0" y="0.0" z="0.0"/>
					<connectionPosition x="10.0" y="15.0" z="0.0"/>
				</motor>
				<bounds>
					<point x="0.0" y="0.0" z="0.0"/>
					<point x="0.0" y="30.0" z="0.0"/>
				</bounds>
				<centroid x="0.0" y="15.0" z="0.0"/>
			</motors>
			<lights>
				<light id="126"/>
				<light id="127"/>
				<light id="128"/>
			</lights>
			<matrix m00="-0.8090169943749475" m01="-0.0" m02="-0.587785252292473" m03="-0.0" m10="0.0" m11="1.0" m12="0.0" m13="0.0" m20="0.587785252292473" m21="0.0" m22="-0.8090169943749475" m23="0.0" m30="-48.54101966249685" m31="0.0" m32="-35.26711513754838" m33="1.0"/>
			<id_sources/>
			<relative_sources/>
		</element>
		<element id="43">
			<motors>
				<motor id="86">
					<position x="-10.0" y="0.0" z="0.0"/>
					<connectionPosition x="-10.0" y="15.0" z="0.0"/>
				</motor>
				<motor id="87">
					<position x="10.0" y="0.0" z="0.0"/>
					<connectionPosition x="10.0" y="15.0" z="0.0"/>
				</motor>
				<bounds>
					<point x="0.0" y="0.0" z="0.0"/>
					<point x="0.0" y="30.0" z="0.0"/>
				</bounds>
				<centroid x="0.0" y="15.0" z="0.0"/>
			</motors>
			<lights>
				<light id="129"/>
				<light id="130"/>
				<light id="131"/>
			</lights>
			<matrix m00="-0.7530714660036107" m01="-0.0" m02="-0.6579387259397128" m03="-0.0" m10="0.0" m11="1.0" m12="0.0" m13="0.0" m20="0.6579387259397128" m21="0.0" m22="-0.7530714660036107" m23="0.0" m30="-45.18428796021664" m31="0.0" m32="-39.476323556382766" m33="1.0"/>
			<id_sources/>
			<relative_sources/>
		</element>
		<element id="44">
			<motors>
				<motor id="88">
					<position x="-10.0" y="0.0" z="0.0"/>
					<connectionPosition x="-10.0" y="15.0" z="0.0"/>
				</motor>
				<motor id="89">
					<position x="10.0" y="0.0" z="0.0"/>
					<connectionPosition x="10.0" y="15.0" z="0.0"/>
				</motor>
				<bounds>
					<point x="0.0" y="0.0" z="0.0"/>
					<point x="0.0" y="30.0" z="0.0"/>
				</bounds>
				<centroid x="0.0" y="15.0" z="0.0"/>
			</motors>
			<lights>
				<light id="132"/>
				<light id="133"/>
				<light id="134"/>
			</lights>
			<matrix m00="-0.6910626489868648" m01="-0.0" m02="-0.7227948638273914" m03="-0.0" m10="0.0" m11="1.0" m12="0.0" m13="0.0" m20="0.7227948638273914" m21="0.0" m22="-0.6910626489868648" m23="0.0" m30="-41.463758939211885" m31="0.0" m32="-43.36769182964348" m33="1.0"/>
			<id_sources/>
			<relative_sources/>
		</element>
		<element id="45">
			<motors>
				<motor id="90">
					<position x="-10.0" y="0.0" z="0.0"/>
					<connectionPosition x="-10.0" y="15.0" z="0.0"/>
				</motor>
				<motor id="91">
					<position x="10.0" y="0.0" z="0.0"/>
					<connectionPosition x="10.0" y="15.0" z="0.0"/>
				</motor>
				<bounds>
					<point x="0.0" y="0.0" z="0.0"/>
					<point x="0.0" y="30.0" z="0.0"/>
				</bounds>
				<centroid x="0.0" y="15.0" z="0.0"/>
			</motors>
			<lights>
				<light id="135"/>
				<light id="136"/>
				<light id="137"/>
			</lights>
			<matrix m00="-0.6234898018587337" m01="-0.0" m02="-0.7818314824680297" m03="-0.0" m10="0.0" m11="1.0" m12="0.0" m13="0.0" m20="0.7818314824680297" m21="0.0" m22="-0.6234898018587337" m23="0.0" m30="-37.409388111524024" m31="0.0" m32="-46.90988894808178" m33="1.0"/>
			<id_sources/>
			<relative_sources/>
		</element>
		<element id="46">
			<motors>
				<motor id="92">
					<position x="-10.0" y="0.0" z="0.0"/>
					<connectionPosition x="-10.0" y="15.0" z="0.0"/>
				</motor>
				<motor id="93">
					<position x="10.0" y="0.0" z="0.0"/>
					<connectionPosition x="10.0" y="15.0" z="0.0"/>
				</motor>
				<bounds>
					<point x="0.0" y="0.0" z="0.0"/>
					<point x="0.0" y="30.0" z="0.0"/>
				</bounds>
				<centroid x="0.0" y="15.0" z="0.0"/>
			</motors>
			<lights>
				<light id="138"/>
				<light id="139"/>
				<light id="140"/>
			</lights>
