<?xml version="1.0" encoding="ISO-8859-1"?>
<sculpture>
	<elements>
		<element id="0">
			<motors>
				<motor id="0" offset="162.5">
					<position x="0.0" y="-162.5" z="0.0"/>
					<connectionPosition x="0.0" y="0.0" z="0.0"/>
				</motor>
				<motor id="1" offset="162.5">
					<position x="90.0" y="-162.5" z="0.0"/>
					<connectionPosition x="90.0" y="0.0" z="0.0"/>
				</motor>
				<bounds>
					<point x="45.0" y="-162.5" z="0.0"/>
					<point x="45.0" y="-132.5" z="0.0"/>
				</bounds>
				<centroid x="77.0" y="-162.5" z="0.0"/>
			</motors>
			<lights>
				<light id="0"/>
				<light id="1"/>
				<light id="2"/>
			</lights>
			<matrix m00="1.0" m01="0.0" m02="0.0" m03="0.0" m10="0.0" m11="1.0" m12="0.0" m13="0.0" m20="0.0" m21="0.0" m22="1.0" m23="0.0" m30="417.0" m31="0.0" m32="0.0" m33="1.0"/>
			<id_sources/>
			<relative_sources/>
		</element>
		<element id="1">
			<motors>
				<motor id="2" offset="162.5">
					<position x="0.0" y="-162.5" z="0.0"/>
					<connectionPosition x="0.0" y="0.0" z="0.0"/>
				</motor>
				<motor id="3" offset="162.5">
					<position x="90.0" y="-162.5" z="0.0"/>
					<connectionPosition x="90.0" y="0.0" z="0.0"/>
				</motor>
				<bounds>
					<point x="45.0" y="-162.5" z="0.0"/>
					<point x="45.0" y="-132.5" z="0.0"/>
				</bounds>
				<centroid x="77.0" y="-162.5" z="0.0"/>
			</motors>
			<lights>
				<light id="3"/>
				<light id="4"/>
				<light id="5"/>
			</lights>
			<matrix m00="0.9945218953682733" m01="0.0" m02="0.10452846326765346" m03="0.0" m10="0.0" m11="1.0" m12="0.0" m13="0.0" m20="-0.10452846326765346" m21="0.0" m22="0.9945218953682733" m23="0.0" m30="414.71563036857" m31="0.0" m32="43.588369182611494" m33="1.0"/>
			<id_sources/>
			<relative_sources/>
		</element>
		<element id="2">
			<motors>
				<motor id="4" offset="162.5">
					<position x="0.0" y="-162.5" z="0.0"/>
					<connectionPosition x="0.0" y="0.0" z="0.0"/>
				</motor>
				<motor id="5" offset="162.5">
					<position x="90.0" y="-162.5" z="0.0"/>
					<connectionPosition x="90.0" y="0.0" z="0.0"/>
				</motor>
				<bounds>
					<point x="45.0" y="-162.5" z="0.0"/>
					<point x="45.0" y="-132.5" z="0.0"/>
				</bounds>
				<centroid x="77.0" y="-162.5" z="0.0"/>
			</motors>
			<lights>
				<light id="6"/>
				<light id="7"/>
				<light id="8"/>
			</lights>
			<matrix m00="0.9781476007338057" m01="0.0" m02="0.20791169081775931" m03="0.0" m10="0.0" m11="1.0" m12="0.0" m13="0.0" m20="-0.20791169081775931" m21="0.0" m22="0.9781476007338057" m23="0.0" m30="407.88754950599696" m31="0.0" m32="86.69917507100564" m33="1.0"/>
			<id_sources/>
			<relative_sources/>
		</element>
		<element id="3">
			<motors>
				<motor id="6" offset="162.5">
					<position x="0.0" y="-162.5" z="0.0"/>
					<connectionPosition x="0.0" y="0.0" z="0.0"/>
				</motor>
				<motor id="7" offset="162.5">
					<position x="90.0" y="-162.5" z="0.0"/>
					<connectionPosition x="90.0" y="0.0" z="0.0"/>
				</motor>
				<bounds>
					<point x="45.0" y="-162.5" z="0.0"/>
					<point x="45.0" y="-132.5" z="0.0"/>
				</bounds>
				<centroid x="77.0" y="-162.5" z="0.0"/>
			</motors>
			<lights>
				<light id="9"/>
				<light id="10"/>
				<light id="11"/>
			</lights>
			<matrix m00="0.9510565162951535" m01="0.0" m02="0.3090169943749474" m03="0.0" m10="0.0" m11="1.0" m12="0.0" m13="0.0" m20="-0.3090169943749474" m21="0.0" m22="0.9510565162951535" m23="0.0" m30="396.59056729507904" m31="0.0" m32="128.86008665435307" m33="1.0"/>
			<id_sources/>
			<relative_sources/>
		</element>
		<element id="4">
			<motors>
				<motor id="8" offset="162.5">
					<position x="0.0" y="-162.5" z="0.0"/>
					<connectionPosition x="0.0" y="0.0" z="0.0"/>
				</motor>
				<motor id="9" offset="162.5">
					<position x="90.0" y="-162.5" z="0.0"/>
					<connectionPosition x="90.0" y="0.0" z="0.0"/>
				</motor>
				<bounds>
					<point x="45.0" y="-162.5" z="0.0"/>
					<point x="45.0" y="-132.5" z="0.0"/>
				</bounds>
				<centroid x="77.0" y="-162.5" z="0.0"/>
			</motors>
			<lights>
				<light id="12"/>
				<light id="13"/>
				<light id="14"/>
			</lights>
			<matrix m00="0.9135454576426009" m01="0.0" m02="0.40673664307580015" m03="0.0" m10="0.0" m11="1.0" m12="0.0" m13="0.0" m20="-0.40673664307580015" m21="0.0" m22="0.9135454576426009" m23="0.0" m30="380.94845583696457" m31="0.0" m32="169.60918016260865" m33="1.0"/>
			<id_sources/>
			<relative_sources/>
		</element>
		<element id="5">
			<motors>
				<motor id="10" offset="162.5">
					<position x="0.0" y="-162.5" z="0.0"/>
					<connectionPosition x="0.0" y="0.0" z="0.0"/>
				</motor>
				<motor id="11" offset="162.5">
					<position x="90.0" y="-162.5" z="0.0"/>
					<connectionPosition x="90.0" y="0.0" z="0.0"/>
				</motor>
				<bounds>
					<point x="45.0" y="-162.5" z="0.0"/>
					<point x="45.0" y="-132.5" z="0.0"/>
				</bounds>
				<centroid x="77.0" y="-162.5" z="0.0"/>
			</motors>
			<lights>
				<light id="15"/>
				<light id="16"/>
				<light id="17"/>
			</lights>
			<matrix m00="0.8660254037844387" m01="0.0" m02="0.49999999999999994" m03="0.0" m10="0.0" m11="1.0" m12="0.0" m13="0.0" m20="-0.49999999999999994" m21="0.0" m22="0.8660254037844387" m23="0.0" m30="361.1325933781109" m31="0.0" m32="208.49999999999997" m33="1.0"/>
			<id_sources/>
			<relative_sources/>
		</element>
		<element id="6">
			<motors>
				<motor id="12" offset="162.5">
					<position x="0.0" y="-162.5" z="0.0"/>
					<connectionPosition x="0.0" y="0.0" z="0.0"/>
				</motor>
				<motor id="13" offset="162.5">
					<position x="90.0" y="-162.5" z="0.0"/>
					<connectionPosition x="90.0" y="0.0" z="0.0"/>
				</motor>
				<bounds>
					<point x="45.0" y="-162.5" z="0.0"/>
					<point x="45.0" y="-132.5" z="0.0"/>
				</bounds>
				<centroid x="77.0" y="-162.5" z="0.0"/>
			</motors>
			<lights>
				<light id="18"/>
				<light id="19"/>
				<light id="20"/>
			</lights>
			<matrix m00="0.8090169943749475" m01="0.0" m02="0.5877852522924731" m03="0.0" m10="0.0" m11="1.0" m12="0.0" m13="0.0" m20="-0.5877852522924731" m21="0.0" m22="0.8090169943749475" m23="0.0" m30="337.3600866543531" m31="0.0" m32="245.1064502059613" m33="1.0"/>
			<id_sources/>
			<relative_sources/>
		</element>
		<element id="7">
			<motors>
				<motor id="14" offset="162.5">
					<position x="0.0" y="-162.5" z="0.0"/>
					<connectionPosition x="0.0" y="0.0" z="0.0"/>
				</motor>
				<motor id="15" offset="162.5">
					<position x="90.0" y="-162.5" z="0.0"/>
					<connectionPosition x="90.0" y="0.0" z="0.0"/>
				</motor>
				<bounds>
					<point x="45.0" y="-162.5" z="0.0"/>
					<point x="45.0" y="-132.5" z="0.0"/>
				</bounds>
				<centroid x="77.0" y="-162.5" z="0.0"/>
			</motors>
			<lights>
				<light id="21"/>
				<light id="22"/>
				<light id="23"/>
			</lights>
			<matrix m00="0.7431448254773942" m01="0.0" m02="0.6691306063588582" m03="0.0" m10="0.0" m11="1.0" m12="0.0" m13="0.0" m20="-0.6691306063588582" m21="0.0" m22="0.7431448254773942" m23="0.0" m30="309.8913922240734" m31="0.0" m32="279.02746285164386" m33="1.0"/>
			<id_sources/>
			<relative_sources/>
		</element>
		<element id="8">
			<motors>
				<motor id="16" offset="162.5">
					<position x="0.0" y="-162.5" z="0.0"/>
					<connectionPosition x="0.0" y="0.0" z="0.0"/>
				</motor>
				<motor id="17" offset="162.5">
					<position x="90.0" y="-162.5" z="0.0"/>
					<connectionPosition x="90.0" y="0.0" z="0.0"/>
				</motor>
				<bounds>
					<point x="45.0" y="-162.5" z="0.0"/>
					<point x="45.0" y="-132.5" z="0.0"/>
				</bounds>
				<centroid x="77.0" y="-162.5" z="0.0"/>
			</motors>
			<lights>
				<light id="24"/>
				<light id="25"/>
				<light id="26"/>
			</lights>
			<matrix m00="0.6691306063588582" m01="0.0" m02="0.7431448254773941" m03="0.0" m10="0.0" m11="1.0" m12="0.0" m13="0.0" m20="-0.7431448254773941" m21="0.0" m22="0.6691306063588582" m23="0.0" m30="279.02746285164386" m31="0.0" m32="309.89139222407334" m33="1.0"/>
			<id_sources/>
			<relative_sources/>
		</element>
		<element id="9">
			<motors>
				<motor id="18" offset="162.5">
					<position x="0.0" y="-162.5" z="0.0"/>
					<connectionPosition x="0.0" y="0.0" z="0.0"/>
				</motor>
				<motor id="19" offset="162.5">
					<position x="90.0" y="-162.5" z="0.0"/>
					<connectionPosition x="90.0" y="0.0" z="0.0"/>
				</motor>
				<bounds>
					<point x="45.0" y="-162.5" z="0.0"/>
					<point x="45.0" y="-132.5" z="0.0"/>
				</bounds>
				<centroid x="77.0" y="-162.5" z="0.0"/>
			</motors>
			<lights>
				<light id="27"/>
				<light id="28"/>
				<light id="29"/>
			</lights>
			<matrix m00="0.5877852522924731" m01="0.0" m02="0.8090169943749475" m03="0.0" m10="0.0" m11="1.0" m12="0.0" m13="0.0" m20="-0.8090169943749475" m21="0.0" m22="0.5877852522924731" m23="0.0" m30="245.1064502059613" m31="0.0" m32="337.3600866543531" m33="1.0"/>
			<id_sources/>
			<relative_sources/>
		</element>
		<element id="10">
			<motors>
				<motor id="20" offset="162.5">
					<position x="0.0" y="-162.5" z="0.0"/>
					<connectionPosition x="0.0" y="0.0" z="0.0"/>
				</motor>
				<motor id="21" offset="162.5">
					<position x="90.0" y="-162.5" z="0.0"/>
					<connectionPosition x="90.0" y="0.0" z="0.0"/>
				</motor>
				<bounds>
					<point x="45.0" y="-162.5" z="0.0"/>
					<point x="45.0" y="-132.5" z="0.0"/>
				</bounds>
				<centroid x="77.0" y="-162.5" z="0.0"/>
			</motors>
			<lights>
				<light id="30"/>
				<light id="31"/>
				<light id="32"/>
			</lights>
			<matrix m00="0.5000000000000001" m01="0.0" m02="0.8660254037844386" m03="0.0" m10="0.0" m11="1.0" m12="0.0" m13="0.0" m20="-0.8660254037844386" m21="0.0" m22="0.5000000000000001" m23="0.0" m30="208.50000000000006" m31="0.0" m32="361.13259337811087" m33="1.0"/>
			<id_sources/>
			<relative_sources/>
		</element>
		<element id="11">
			<motors>
				<motor id="22" offset="162.5">
					<position x="0.0" y="-162.5" z="0.0"/>
					<connectionPosition x="0.0" y="0.0" z="0.0"/>
				</motor>
				<motor id="23" offset="162.5">
					<position x="90.0" y="-162.5" z="0.0"/>
					<connectionPosition x="90.0" y="0.0" z="0.0"/>
				</motor>
				<bounds>
					<point x="45.0" y="-162.5" z="0.0"/>
					<point x="45.0" y="-132.5" z="0.0"/>
				</bounds>
				<centroid x="77.0" y="-162.5" z="0.0"/>
			</motors>
			<lights>
				<light id="33"/>
				<light id="34"/>
				<light id="35"/>
			</lights>
			<matrix m00="0.4067366430758004" m01="0.0" m02="0.9135454576426009" m03="0.0" m10="0.0" m11="1.0" m12="0.0" m13="0.0" m20="-0.9135454576426009" m21="0.0" m22="0.4067366430758004" m23="0.0" m30="169.60918016260877" m31="0.0" m32="380.94845583696457" m33="1.0"/>
			<id_sources/>
			<relative_sources/>
		</element>
		<element id="12">
			<motors>
				<motor id="24" offset="162.5">
					<position x="0.0" y="-162.5" z="0.0"/>
					<connectionPosition x="0.0" y="0.0" z="0.0"/>
				</motor>
				<motor id="25" offset="162.5">
					<position x="90.0" y="-162.5" z="0.0"/>
					<connectionPosition x="90.0" y="0.0" z="0.0"/>
				</motor>
				<bounds>
					<point x="45.0" y="-162.5" z="0.0"/>
					<point x="45.0" y="-132.5" z="0.0"/>
				</bounds>
				<centroid x="77.0" y="-162.5" z="0.0"/>
			</motors>
			<lights>
				<light id="36"/>
				<light id="37"/>
				<light id="38"/>
			</lights>
			<matrix m00="0.30901699437494745" m01="0.0" m02="0.9510565162951535" m03="0.0" m10="0.0" m11="1.0" m12="0.0" m13="0.0" m20="-0.9510565162951535" m21="0.0" m22="0.30901699437494745" m23="0.0" m30="128.8600866543531" m31="0.0" m32="396.59056729507904" m33="1.0"/>
			<id_sources/>
			<relative_sources/>
		</element>
		<element id="13">
			<motors>
				<motor id="26" offset="162.5">
					<position x="0.0" y="-162.5" z="0.0"/>
					<connectionPosition x="0.0" y="0.0" z="0.0"/>
				</motor>
				<motor id="27" offset="162.5">
					<position x="90.0" y="-162.5" z="0.0"/>
					<connectionPosition x="90.0" y="0.0" z="0.0"/>
				</motor>
				<bounds>
					<point x="45.0" y="-162.5" z="0.0"/>
					<point x="45.0" y="-132.5" z="0.0"/>
				</bounds>
				<centroid x="77.0" y="-162.5" z="0.0"/>
			</motors>
			<lights>
				<light id="39"/>
				<light id="40"/>
				<light id="41"/>
			</lights>
			<matrix m00="0.20791169081775923" m01="0.0" m02="0.9781476007338057" m03="0.0" m10="0.0" m11="1.0" m12="0.0" m13="0.0" m20="-0.9781476007338057" m21="0.0" m22="0.20791169081775923" m23="0.0" m30="86.6991750710056" m31="0.0" m32="407.88754950599696" m33="1.0"/>
			<id_sources/>
			<relative_sources/>
		</element>
		<element id="14">
			<motors>
				<motor id="28" offset="162.5">
					<position x="0.0" y="-162.5" z="0.0"/>
					<connectionPosition x="0.0" y="0.0" z="0.0"/>
				</motor>
				<motor id="29" offset="162.5">
					<position x="90.0" y="-162.5" z="0.0"/>
					<connectionPosition x="90.0" y="0.0" z="0.0"/>
				</motor>
				<bounds>
					<point x="45.0" y="-162.5" z="0.0"/>
					<point x="45.0" y="-132.5" z="0.0"/>
				</bounds>
				<centroid x="77.0" y="-162.5" z="0.0"/>
			</motors>
			<lights>
				<light id="42"/>
				<light id="43"/>
				<light id="44"/>
			</lights>
			<matrix m00="0.10452846326765346" m01="0.0" m02="0.9945218953682733" m03="0.0" m10="0.0" m11="1.0" m12="0.0" m13="0.0" m20="-0.9945218953682733" m21="0.0" m22="0.10452846326765346" m23="0.0" m30="43.588369182611494" m31="0.0" m32="414.71563036857" m33="1.0"/>
			<id_sources/>
			<relative_sources/>
		</element>
		<element id="15">
			<motors>
				<motor id="30" offset="162.5">
					<position x="0.0" y="-162.5" z="0.0"/>
					<connectionPosition x="0.0" y="0.0" z="0.0"/>
				</motor>
				<motor id="31" offset="162.5">
					<position x="90.0" y="-162.5" z="0.0"/>
					<connectionPosition x="90.0" y="0.0" z="0.0"/>
				</motor>
				<bounds>
					<point x="45.0" y="-162.5" z="0.0"/>
					<point x="45.0" y="-132.5" z="0.0"/>
				</bounds>
				<centroid x="77.0" y="-162.5" z="0.0"/>
			</motors>
			<lights>
				<light id="45"/>
				<light id="46"/>
				<light id="47"/>
			</lights>
			<matrix m00="6.123233995736766E-17" m01="0.0" m02="1.0" m03="0.0" m10="0.0" m11="1.0" m12="0.0" m13="0.0" m20="-1.0" m21="0.0" m22="6.123233995736766E-17" m23="0.0" m30="2.5533885762222313E-14" m31="0.0" m32="417.0" m33="1.0"/>
			<id_sources/>
			<relative_sources/>
		</element>
		<element id="16">
			<motors>
				<motor id="32" offset="162.5">
					<position x="0.0" y="-162.5" z="0.0"/>
					<connectionPosition x="0.0" y="0.0" z="0.0"/>
				</motor>
				<motor id="33" offset="162.5">
					<position x="90.0" y="-162.5" z="0.0"/>
					<connectionPosition x="90.0" y="0.0" z="0.0"/>
				</motor>
				<bounds>
					<point x="45.0" y="-162.5" z="0.0"/>
					<point x="45.0" y="-132.5" z="0.0"/>
				</bounds>
				<centroid x="77.0" y="-162.5" z="0.0"/>
			</motors>
			<lights>
				<light id="48"/>
				<light id="49"/>
				<light id="50"/>
			</lights>
			<matrix m00="-0.10452846326765333" m01="0.0" m02="0.9945218953682734" m03="0.0" m10="0.0" m11="1.0" m12="0.0" m13="0.0" m20="-0.9945218953682734" m21="-0.0" m22="-0.10452846326765333" m23="-0.0" m30="-43.58836918261144" m31="0.0" m32="414.71563036857003" m33="1.0"/>
			<id_sources/>
			<relative_sources/>
		</element>
		<element id="17">
			<motors>
				<motor id="34" offset="162.5">
					<position x="0.0" y="-162.5" z="0.0"/>
					<connectionPosition x="0.0" y="0.0" z="0.0"/>
				</motor>
				<motor id="35" offset="162.5">
					<position x="90.0" y="-162.5" z="0.0"/>
					<connectionPosition x="90.0" y="0.0" z="0.0"/>
				</motor>
				<bounds>
					<point x="45.0" y="-162.5" z="0.0"/>
					<point x="45.0" y="-132.5" z="0.0"/>
				</bounds>
				<centroid x="77.0" y="-162.5" z="0.0"/>
			</motors>
			<lights>
				<light id="51"/>
				<light id="52"/>
				<light id="53"/>
			</lights>
			<matrix m00="-0.20791169081775912" m01="0.0" m02="0.9781476007338057" m03="0.0" m10="0.0" m11="1.0" m12="0.0" m13="0.0" m20="-0.9781476007338057" m21="-0.0" m22="-0.20791169081775912" m23="-0.0" m30="-86.69917507100556" m31="0.0" m32="407.88754950599696" m33="1.0"/>
			<id_sources/>
			<relative_sources/>
		</element>
		<element id="18">
			<motors>
				<motor id="36" offset="162.5">
					<position x="0.0" y="-162.5" z="0.0"/>
					<connectionPosition x="0.0" y="0.0" z="0.0"/>
				</motor>
				<motor id="37" offset="162.5">
					<position x="90.0" y="-162.5" z="0.0"/>
					<connectionPosition x="90.0" y="0.0" z="0.0"/>
				</motor>
				<bounds>
					<point x="45.0" y="-162.5" z="0.0"/>
					<point x="45.0" y="-132.5" z="0.0"/>
				</bounds>
				<centroid x="77.0" y="-162.5" z="0.0"/>
			</motors>
			<lights>
				<light id="54"/>
				<light id="55"/>
				<light id="56"/>
			</lights>
			<matrix m00="-0.30901699437494734" m01="0.0" m02="0.9510565162951536" m03="0.0" m10="0.0" m11="1.0" m12="0.0" m13="0.0" m20="-0.9510565162951536" m21="-0.0" m22="-0.30901699437494734" m23="-0.0" m30="-128.86008665435304" m31="0.0" m32="396.59056729507904" m33="1.0"/>
			<id_sources/>
			<relative_sources/>
		</element>
		<element id="19">
			<motors>
				<motor id="38" offset="162.5">
					<position x="0.0" y="-162.5" z="0.0"/>
					<connectionPosition x="0.0" y="0.0" z="0.0"/>
				</motor>
				<motor id="39" offset="162.5">
					<position x="90.0" y="-162.5" z="0.0"/>
					<connectionPosition x="90.0" y="0.0" z="0.0"/>
				</motor>
				<bounds>
					<point x="45.0" y="-162.5" z="0.0"/>
					<point x="45.0" y="-132.5" z="0.0"/>
				</bounds>
				<centroid x="77.0" y="-162.5" z="0.0"/>
			</motors>
			<lights>
				<light id="57"/>
				<light id="58"/>
				<light id="59"/>
			</lights>
			<matrix m00="-0.40673664307580004" m01="0.0" m02="0.913545457642601" m03="0.0" m10="0.0" m11="1.0" m12="0.0" m13="0.0" m20="-0.913545457642601" m21="-0.0" m22="-0.40673664307580004" m23="-0.0" m30="-169.60918016260862" m31="0.0" m32="380.9484558369646" m33="1.0"/>
			<id_sources/>
			<relative_sources/>
		</element>
		<element id="20">
			<motors>
				<motor id="40" offset="162.5">
					<position x="0.0" y="-162.5" z="0.0"/>
					<connectionPosition x="0.0" y="0.0" z="0.0"/>
				</motor>
				<motor id="41" offset="162.5">
					<position x="90.0" y="-162.5" z="0.0"/>
					<connectionPosition x="90.0" y="0.0" z="0.0"/>
				</motor>
				<bounds>
					<point x="45.0" y="-162.5" z="0.0"/>
					<point x="45.0" y="-132.5" z="0.0"/>
				</bounds>
				<centroid x="77.0" y="-162.5" z="0.0"/>
			</motors>
			<lights>
				<light id="60"/>
				<light id="61"/>
				<light id="62"/>
			</lights>
			<matrix m00="-0.4999999999999998" m01="0.0" m02="0.8660254037844387" m03="0.0" m10="0.0" m11="1.0" m12="0.0" m13="0.0" m20="-0.8660254037844387" m21="-0.0" m22="-0.4999999999999998" m23="-0.0" m30="-208.49999999999991" m31="0.0" m32="361.1325933781109" m33="1.0"/>
			<id_sources/>
			<relative_sources/>
		</element>
		<element id="21">
			<motors>
				<motor id="42" offset="162.5">
					<position x="0.0" y="-162.5" z="0.0"/>
					<connectionPosition x="0.0" y="0.0" z="0.0"/>
				</motor>
				<motor id="43" offset="162.5">
					<position x="90.0" y="-162.5" z="0.0"/>
					<connectionPosition x="90.0" y="0.0" z="0.0"/>
				</motor>
				<bounds>
					<point x="45.0" y="-162.5" z="0.0"/>
					<point x="45.0" y="-132.5" z="0.0"/>
				</bounds>
				<centroid x="77.0" y="-162.5" z="0.0"/>
			</motors>
			<lights>
				<light id="63"/>
				<light id="64"/>
				<light id="65"/>
			</lights>
			<matrix m00="-0.587785252292473" m01="0.0" m02="0.8090169943749475" m03="0.0" m10="0.0" m11="1.0" m12="0.0" m13="0.0" m20="-0.8090169943749475" m21="-0.0" m22="-0.587785252292473" m23="-0.0" m30="-245.10645020596124" m31="0.0" m32="337.3600866543531" m33="1.0"/>
			<id_sources/>
			<relative_sources/>
		</element>
		<element id="22">
			<motors>
				<motor id="44" offset="162.5">
					<position x="0.0" y="-162.5" z="0.0"/>
					<connectionPosition x="0.0" y="0.0" z="0.0"/>
				</motor>
				<motor id="45" offset="162.5">
					<position x="90.0" y="-162.5" z="0.0"/>
					<connectionPosition x="90.0" y="0.0" z="0.0"/>
				</motor>
				<bounds>
					<point x="45.0" y="-162.5" z="0.0"/>
					<point x="45.0" y="-132.5" z="0.0"/>
				</bounds>
				<centroid x="77.0" y="-162.5" z="0.0"/>
			</motors>
			<lights>
				<light id="66"/>
				<light id="67"/>
				<light id="68"/>
			</lights>
			<matrix m00="-0.6691306063588579" m01="0.0" m02="0.7431448254773945" m03="0.0" m10="0.0" m11="1.0" m12="0.0" m13="0.0" m20="-0.7431448254773945" m21="-0.0" m22="-0.6691306063588579" m23="-0.0" m30="-279.02746285164375" m31="0.0" m32="309.8913922240735" m33="1.0"/>
			<id_sources/>
			<relative_sources/>
		</element>
		<element id="23">
			<motors>
				<motor id="46" offset="162.5">
					<position x="0.0" y="-162.5" z="0.0"/>
					<connectionPosition x="0.0" y="0.0" z="0.0"/>
				</motor>
				<motor id="47" offset="162.5">
					<position x="90.0" y="-162.5" z="0.0"/>
					<connectionPosition x="90.0" y="0.0" z="0.0"/>
				</motor>
				<bounds>
					<point x="45.0" y="-162.5" z="0.0"/>
					<point x="45.0" y="-132.5" z="0.0"/>
				</bounds>
				<centroid x="77.0" y="-162.5" z="0.0"/>
			</motors>
			<lights>
				<light id="69"/>
				<light id="70"/>
				<light id="71"/>
			</lights>
			<matrix m00="-0.7431448254773944" m01="0.0" m02="0.669130606358858" m03="0.0" m10="0.0" m11="1.0" m12="0.0" m13="0.0" m20="-0.669130606358858" m21="-0.0" m22="-0.7431448254773944" m23="-0.0" m30="-309.89139222407346" m31="0.0" m32="279.0274628516438" m33="1.0"/>
			<id_sources/>
			<relative_sources/>
		</element>
		<element id="24">
			<motors>
				<motor id="48" offset="162.5">
					<position x="0.0" y="-162.5" z="0.0"/>
					<connectionPosition x="0.0" y="0.0" z="0.0"/>
				</motor>
				<motor id="49" offset="162.5">
					<position x="90.0" y="-162.5" z="0.0"/>
					<connectionPosition x="90.0" y="0.0" z="0.0"/>
				</motor>
				<bounds>
					<point x="45.0" y="-162.5" z="0.0"/>
					<point x="45.0" y="-132.5" z="0.0"/>
				</bounds>
				<centroid x="77.0" y="-162.5" z="0.0"/>
			</motors>
			<lights>
				<light id="72"/>
				<light id="73"/>
				<light id="74"/>
			</lights>
			<matrix m00="-0.8090169943749473" m01="0.0" m02="0.5877852522924732" m03="0.0" m10="0.0" m11="1.0" m12="0.0" m13="0.0" m20="-0.5877852522924732" m21="-0.0" m22="-0.8090169943749473" m23="-0.0" m30="-337.36008665435304" m31="0.0" m32="245.10645020596135" m33="1.0"/>
			<id_sources/>
			<relative_sources/>
		</element>
		<element id="25">
			<motors>
				<motor id="50" offset="162.5">
					<position x="0.0" y="-162.5" z="0.0"/>
					<connectionPosition x="0.0" y="0.0" z="0.0"/>
				</motor>
				<motor id="51" offset="162.5">
					<position x="90.0" y="-162.5" z="0.0"/>
					<connectionPosition x="90.0" y="0.0" z="0.0"/>
				</motor>
				<bounds>
					<point x="45.0" y="-162.5" z="0.0"/>
					<point x="45.0" y="-132.5" z="0.0"/>
				</bounds>
				<centroid x="77.0" y="-162.5" z="0.0"/>
			</motors>
			<lights>
				<light id="75"/>
				<light id="76"/>
				<light id="77"/>
			</lights>
			<matrix m00="-0.8660254037844387" m01="0.0" m02="0.49999999999999994" m03="0.0" m10="0.0" m11="1.0" m12="0.0" m13="0.0" m20="-0.49999999999999994" m21="-0.0" m22="-0.8660254037844387" m23="-0.0" m30="-361.1325933781109" m31="0.0" m32="208.49999999999997" m33="1.0"/>
			<id_sources/>
			<relative_sources/>
		</element>
		<element id="26">
			<motors>
				<motor id="52" offset="162.5">
					<position x="0.0" y="-162.5" z="0.0"/>
					<connectionPosition x="0.0" y="0.0" z="0.0"/>
				</motor>
				<motor id="53" offset="162.5">
					<position x="90.0" y="-162.5" z="0.0"/>
					<connectionPosition x="90.0" y="0.0" z="0.0"/>
				</motor>
				<bounds>
					<point x="45.0" y="-162.5" z="0.0"/>
					<point x="45.0" y="-132.5" z="0.0"/>
				</bounds>
				<centroid x="77.0" y="-162.5" z="0.0"/>
			</motors>
			<lights>
				<light id="78"/>
				<light id="79"/>
				<light id="80"/>
			</lights>
			<matrix m00="-0.913545457642601" m01="0.0" m02="0.40673664307580004" m03="0.0" m10="0.0" m11="1.0" m12="0.0" m13="0.0" m20="-0.40673664307580004" m21="-0.0" m22="-0.913545457642601" m23="-0.0" m30="-380.9484558369646" m31="0.0" m32="169.60918016260862" m33="1.0"/>
			<id_sources/>
			<relative_sources/>
		</element>
		<element id="27">
			<motors>
				<motor id="54" offset="162.5">
					<position x="0.0" y="-162.5" z="0.0"/>
					<connectionPosition x="0.0" y="0.0" z="0.0"/>
				</motor>
				<motor id="55" offset="162.5">
					<position x="90.0" y="-162.5" z="0.0"/>
					<connectionPosition x="90.0" y="0.0" z="0.0"/>
				</motor>
				<bounds>
					<point x="45.0" y="-162.5" z="0.0"/>
					<point x="45.0" y="-132.5" z="0.0"/>
				</bounds>
				<centroid x="77.0" y="-162.5" z="0.0"/>
			</motors>
			<lights>
				<light id="81"/>
				<light id="82"/>
				<light id="83"/>
			</lights>
			<matrix m00="-0.9510565162951535" m01="0.0" m02="0.3090169943749475" m03="0.0" m10="0.0" m11="1.0" m12="0.0" m13="0.0" m20="-0.3090169943749475" m21="-0.0" m22="-0.9510565162951535" m23="-0.0" m30="-396.59056729507904" m31="0.0" m32="128.8600866543531" m33="1.0"/>
			<id_sources/>
			<relative_sources/>
		</element>
		<element id="28">
			<motors>
				<motor id="56" offset="162.5">
					<position x="0.0" y="-162.5" z="0.0"/>
					<connectionPosition x="0.0" y="0.0" z="0.0"/>
				</motor>
				<motor id="57" offset="162.5">
					<position x="90.0" y="-162.5" z="0.0"/>
					<connectionPosition x="90.0" y="0.0" z="0.0"/>
				</motor>
				<bounds>
					<point x="45.0" y="-162.5" z="0.0"/>
					<point x="45.0" y="-132.5" z="0.0"/>
				</bounds>
				<centroid x="77.0" y="-162.5" z="0.0"/>
			</motors>
			<lights>
				<light id="84"/>
				<light id="85"/>
				<light id="86"/>
			</lights>
			<matrix m00="-0.9781476007338057" m01="0.0" m02="0.20791169081775931" m03="0.0" m10="0.0" m11="1.0" m12="0.0" m13="0.0" m20="-0.20791169081775931" m21="-0.0" m22="-0.9781476007338057" m23="-0.0" m30="-407.88754950599696" m31="0.0" m32="86.69917507100564" m33="1.0"/>
			<id_sources/>
			<relative_sources/>
		</element>
		<element id="29">
			<motors>
				<motor id="58" offset="162.5">
					<position x="0.0" y="-162.5" z="0.0"/>
					<connectionPosition x="0.0" y="0.0" z="0.0"/>
				</motor>
				<motor id="59" offset="162.5">
					<position x="90.0" y="-162.5" z="0.0"/>
					<connectionPosition x="90.0" y="0.0" z="0.0"/>
				</motor>
				<bounds>
					<point x="45.0" y="-162.5" z="0.0"/>
					<point x="45.0" y="-132.5" z="0.0"/>
				</bounds>
				<centroid x="77.0" y="-162.5" z="0.0"/>
			</motors>
			<lights>
				<light id="87"/>
				<light id="88"/>
				<light id="89"/>
			</lights>
			<matrix m00="-0.9945218953682733" m01="0.0" m02="0.10452846326765373" m03="0.0" m10="0.0" m11="1.0" m12="0.0" m13="0.0" m20="-0.10452846326765373" m21="-0.0" m22="-0.9945218953682733" m23="-0.0" m30="-414.71563036857" m31="0.0" m32="43.58836918261161" m33="1.0"/>
			<id_sources/>
			<relative_sources/>
		</element>
		<element id="30">
			<motors>
				<motor id="60" offset="162.5">
					<position x="0.0" y="-162.5" z="0.0"/>
					<connectionPosition x="0.0" y="0.0" z="0.0"/>
				</motor>
				<motor id="61" offset="162.5">
					<position x="90.0" y="-162.5" z="0.0"/>
					<connectionPosition x="90.0" y="0.0" z="0.0"/>
				</motor>
				<bounds>
					<point x="45.0" y="-162.5" z="0.0"/>
					<point x="45.0" y="-132.5" z="0.0"/>
				</bounds>
				<centroid x="77.0" y="-162.5" z="0.0"/>
			</motors>
			<lights>
				<light id="90"/>
				<light id="91"/>
				<light id="92"/>
			</lights>
			<matrix m00="-1.0" m01="0.0" m02="1.2246467991473532E-16" m03="0.0" m10="0.0" m11="1.0" m12="0.0" m13="0.0" m20="-1.2246467991473532E-16" m21="-0.0" m22="-1.0" m23="-0.0" m30="-417.0" m31="0.0" m32="5.1067771524444626E-14" m33="1.0"/>
			<id_sources/>
			<relative_sources/>
		</element>
		<element id="31">
			<motors>
				<motor id="62" offset="162.5">
					<position x="0.0" y="-162.5" z="0.0"/>
					<connectionPosition x="0.0" y="0.0" z="0.0"/>
				</motor>
				<motor id="63" offset="162.5">
					<position x="90.0" y="-162.5" z="0.0"/>
					<connectionPosition x="90.0" y="0.0" z="0.0"/>
				</motor>
				<bounds>
					<point x="45.0" y="-162.5" z="0.0"/>
					<point x="45.0" y="-132.5" z="0.0"/>
				</bounds>
				<centroid x="77.0" y="-162.5" z="0.0"/>
			</motors>
			<lights>
				<light id="93"/>
				<light id="94"/>
				<light id="95"/>
			</lights>
			<matrix m00="-0.9945218953682733" m01="-0.0" m02="-0.1045284632676535" m03="-0.0" m10="0.0" m11="1.0" m12="0.0" m13="0.0" m20="0.1045284632676535" m21="0.0" m22="-0.9945218953682733" m23="0.0" m30="-414.71563036857" m31="0.0" m32="-43.58836918261151" m33="1.0"/>
			<id_sources/>
			<relative_sources/>
		</element>
		<element id="32">
			<motors>
				<motor id="64" offset="162.5">
					<position x="0.0" y="-162.5" z="0.0"/>
					<connectionPosition x="0.0" y="0.0" z="0.0"/>
				</motor>
				<motor id="65" offset="162.5">
					<position x="90.0" y="-162.5" z="0.0"/>
					<connectionPosition x="90.0" y="0.0" z="0.0"/>
				</motor>
				<bounds>
					<point x="45.0" y="-162.5" z="0.0"/>
					<point x="45.0" y="-132.5" z="0.0"/>
				</bounds>
				<centroid x="77.0" y="-162.5" z="0.0"/>
			</motors>
			<lights>
				<light id="96"/>
				<light id="97"/>
				<light id="98"/>
			</lights>
			<matrix m00="-0.9781476007338057" m01="-0.0" m02="-0.20791169081775907" m03="-0.0" m10="0.0" m11="1.0" m12="0.0" m13="0.0" m20="0.20791169081775907" m21="0.0" m22="-0.9781476007338057" m23="0.0" m30="-407.88754950599696" m31="0.0" m32="-86.69917507100553" m33="1.0"/>
			<id_sources/>
			<relative_sources/>
		</element>
		<element id="33">
			<motors>
				<motor id="66" offset="162.5">
					<position x="0.0" y="-162.5" z="0.0"/>
					<connectionPosition x="0.0" y="0.0" z="0.0"/>
				</motor>
				<motor id="67" offset="162.5">
					<position x="90.0" y="-162.5" z="0.0"/>
					<connectionPosition x="90.0" y="0.0" z="0.0"/>
				</motor>
				<bounds>
					<point x="45.0" y="-162.5" z="0.0"/>
					<point x="45.0" y="-132.5" z="0.0"/>
				</bounds>
				<centroid x="77.0" y="-162.5" z="0.0"/>
			</motors>
			<lights>
				<light id="99"/>
				<light id="100"/>
				<light id="101"/>
			</lights>
			<matrix m00="-0.9510565162951535" m01="-0.0" m02="-0.30901699437494773" m03="-0.0" m10="0.0" m11="1.0" m12="0.0" m13="0.0" m20="0.30901699437494773" m21="0.0" m22="-0.9510565162951535" m23="0.0" m30="-396.59056729507904" m31="0.0" m32="-128.8600866543532" m33="1.0"/>
			<id_sources/>
			<relative_sources/>
		</element>
		<element id="34">
			<motors>
				<motor id="68" offset="162.5">
					<position x="0.0" y="-162.5" z="0.0"/>
					<connectionPosition x="0.0" y="0.0" z="0.0"/>
				</motor>
				<motor id="69" offset="162.5">
					<position x="90.0" y="-162.5" z="0.0"/>
					<connectionPosition x="90.0" y="0.0" z="0.0"/>
				</motor>
				<bounds>
					<point x="45.0" y="-162.5" z="0.0"/>
					<point x="45.0" y="-132.5" z="0.0"/>
				</bounds>
				<centroid x="77.0" y="-162.5" z="0.0"/>
			</motors>
			<lights>
				<light id="102"/>
				<light id="103"/>
				<light id="104"/>
			</lights>
			<matrix m00="-0.9135454576426011" m01="-0.0" m02="-0.4067366430757998" m03="-0.0" m10="0.0" m11="1.0" m12="0.0" m13="0.0" m20="0.4067366430757998" m21="0.0" m22="-0.9135454576426011" m23="0.0" m30="-380.9484558369646" m31="0.0" m32="-169.60918016260854" m33="1.0"/>
			<id_sources/>
			<relative_sources/>
		</element>
		<element id="35">
			<motors>
				<motor id="70" offset="162.5">
					<position x="0.0" y="-162.5" z="0.0"/>
					<connectionPosition x="0.0" y="0.0" z="0.0"/>
				</motor>
				<motor id="71" offset="162.5">
					<position x="90.0" y="-162.5" z="0.0"/>
					<connectionPosition x="90.0" y="0.0" z="0.0"/>
				</motor>
				<bounds>
					<point x="45.0" y="-162.5" z="0.0"/>
					<point x="45.0" y="-132.5" z="0.0"/>
				</bounds>
				<centroid x="77.0" y="-162.5" z="0.0"/>
			</motors>
			<lights>
				<light id="105"/>
				<light id="106"/>
				<light id="107"/>
			</lights>
			<matrix m00="-0.8660254037844386" m01="-0.0" m02="-0.5000000000000001" m03="-0.0" m10="0.0" m11="1.0" m12="0.0" m13="0.0" m20="0.5000000000000001" m21="0.0" m22="-0.8660254037844386" m23="0.0" m30="-361.13259337811087" m31="0.0" m32="-208.50000000000006" m33="1.0"/>
			<id_sources/>
			<relative_sources/>
		</element>
		<element id="36">
			<motors>
				<motor id="72" offset="162.5">
					<position x="0.0" y="-162.5" z="0.0"/>
					<connectionPosition x="0.0" y="0.0" z="0.0"/>
				</motor>
				<motor id="73" offset="162.5">
					<position x="90.0" y="-162.5" z="0.0"/>
					<connectionPosition x="90.0" y="0.0" z="0.0"/>
				</motor>
				<bounds>
					<point x="45.0" y="-162.5" z="0.0"/>
					<point x="45.0" y="-132.5" z="0.0"/>
				</bounds>
				<centroid x="77.0" y="-162.5" z="0.0"/>
			</motors>
			<lights>
				<light id="108"/>
				<light id="109"/>
				<light id="110"/>
			</lights>
			<matrix m00="-0.8090169943749476" m01="-0.0" m02="-0.587785252292473" m03="-0.0" m10="0.0" m11="1.0" m12="0.0" m13="0.0" m20="0.587785252292473" m21="0.0" m22="-0.8090169943749476" m23="0.0" m30="-337.36008665435315" m31="0.0" m32="-245.10645020596124" m33="1.0"/>
			<id_sources/>
			<relative_sources/>
		</element>
		<element id="37">
			<motors>
				<motor id="74" offset="162.5">
					<position x="0.0" y="-162.5" z="0.0"/>
					<connectionPosition x="0.0" y="0.0" z="0.0"/>
				</motor>
				<motor id="75" offset="162.5">
					<position x="90.0" y="-162.5" z="0.0"/>
					<connectionPosition x="90.0" y="0.0" z="0.0"/>
				</motor>
				<bounds>
					<point x="45.0" y="-162.5" z="0.0"/>
					<point x="45.0" y="-132.5" z="0.0"/>
				</bounds>
				<centroid x="77.0" y="-162.5" z="0.0"/>
			</motors>
			<lights>
				<light id="111"/>
				<light id="112"/>
				<light id="113"/>
			</lights>
			<matrix m00="-0.7431448254773942" m01="-0.0" m02="-0.6691306063588582" m03="-0.0" m10="0.0" m11="1.0" m12="0.0" m13="0.0" m20="0.6691306063588582" m21="0.0" m22="-0.7431448254773942" m23="0.0" m30="-309.8913922240734" m31="0.0" m32="-279.02746285164386" m33="1.0"/>
			<id_sources/>
			<relative_sources/>
		</element>
		<element id="38">
			<motors>
				<motor id="76" offset="162.5">
					<position x="0.0" y="-162.5" z="0.0"/>
					<connectionPosition x="0.0" y="0.0" z="0.0"/>
				</motor>
				<motor id="77" offset="162.5">
					<position x="90.0" y="-162.5" z="0.0"/>
					<connectionPosition x="90.0" y="0.0" z="0.0"/>
				</motor>
				<bounds>
					<point x="45.0" y="-162.5" z="0.0"/>
					<point x="45.0" y="-132.5" z="0.0"/>
				</bounds>
				<centroid x="77.0" y="-162.5" z="0.0"/>
			</motors>
			<lights>
				<light id="114"/>
				<light id="115"/>
				<light id="116"/>
			</lights>
			<matrix m00="-0.6691306063588585" m01="-0.0" m02="-0.743144825477394" m03="-0.0" m10="0.0" m11="1.0" m12="0.0" m13="0.0" m20="0.743144825477394" m21="0.0" m22="-0.6691306063588585" m23="0.0" m30="-279.027462851644" m31="0.0" m32="-309.8913922240733" m33="1.0"/>
			<id_sources/>
			<relative_sources/>
		</element>
		<element id="39">
			<motors>
				<motor id="78" offset="162.5">
					<position x="0.0" y="-162.5" z="0.0"/>
					<connectionPosition x="0.0" y="0.0" z="0.0"/>
				</motor>
				<motor id="79" offset="162.5">
					<position x="90.0" y="-162.5" z="0.0"/>
					<connectionPosition x="90.0" y="0.0" z="0.0"/>
				</motor>
				<bounds>
					<point x="45.0" y="-162.5" z="0.0"/>
					<point x="45.0" y="-132.5" z="0.0"/>
				</bounds>
				<centroid x="77.0" y="-162.5" z="0.0"/>
			</motors>
			<lights>
				<light id="117"/>
				<light id="118"/>
				<light id="119"/>
			</lights>
			<matrix m00="-0.5877852522924732" m01="-0.0" m02="-0.8090169943749473" m03="-0.0" m10="0.0" m11="1.0" m12="0.0" m13="0.0" m20="0.8090169943749473" m21="0.0" m22="-0.5877852522924732" m23="0.0" m30="-245.10645020596135" m31="0.0" m32="-337.36008665435304" m33="1.0"/>
			<id_sources/>
			<relative_sources/>
		</element>
		<element id="40">
			<motors>
				<motor id="80" offset="162.5">
					<position x="0.0" y="-162.5" z="0.0"/>
					<connectionPosition x="0.0" y="0.0" z="0.0"/>
				</motor>
				<motor id="81" offset="162.5">
					<position x="90.0" y="-162.5" z="0.0"/>
					<connectionPosition x="90.0" y="0.0" z="0.0"/>
				</motor>
				<bounds>
					<point x="45.0" y="-162.5" z="0.0"/>
					<point x="45.0" y="-132.5" z="0.0"/>
				</bounds>
				<centroid x="77.0" y="-162.5" z="0.0"/>
			</motors>
			<lights>
				<light id="120"/>
				<light id="121"/>
				<light id="122"/>
			</lights>
			<matrix m00="-0.5000000000000004" m01="-0.0" m02="-0.8660254037844384" m03="-0.0" m10="0.0" m11="1.0" m12="0.0" m13="0.0" m20="0.8660254037844384" m21="0.0" m22="-0.5000000000000004" m23="0.0" m30="-208.5000000000002" m31="0.0" m32="-361.1325933781108" m33="1.0"/>
			<id_sources/>
			<relative_sources/>
		</element>
		<element id="41">
			<motors>
				<motor id="82" offset="162.5">
					<position x="0.0" y="-162.5" z="0.0"/>
					<connectionPosition x="0.0" y="0.0" z="0.0"/>
				</motor>
				<motor id="83" offset="162.5">
					<position x="90.0" y="-162.5" z="0.0"/>
					<connectionPosition x="90.0" y="0.0" z="0.0"/>
				</motor>
				<bounds>
					<point x="45.0" y="-162.5" z="0.0"/>
					<point x="45.0" y="-132.5" z="0.0"/>
				</bounds>
				<centroid x="77.0" y="-162.5" z="0.0"/>
			</motors>
			<lights>
				<light id="123"/>
				<light id="124"/>
				<light id="125"/>
			</lights>
			<matrix m00="-0.4067366430758001" m01="-0.0" m02="-0.913545457642601" m03="-0.0" m10="0.0" m11="1.0" m12="0.0" m13="0.0" m20="0.913545457642601" m21="0.0" m22="-0.4067366430758001" m23="0.0" m30="-169.60918016260865" m31="0.0" m32="-380.9484558369646" m33="1.0"/>
			<id_sources/>
			<relative_sources/>
		</element>
		<element id="42">
			<motors>
				<motor id="84" offset="162.5">
					<position x="0.0" y="-162.5" z="0.0"/>
					<connectionPosition x="0.0" y="0.0" z="0.0"/>
				</motor>
				<motor id="85" offset="162.5">
					<position x="90.0" y="-162.5" z="0.0"/>
					<connectionPosition x="90.0" y="0.0" z="0.0"/>
				</motor>
				<bounds>
					<point x="45.0" y="-162.5" z="0.0"/>
					<point x="45.0" y="-132.5" z="0.0"/>
				</bounds>
				<centroid x="77.0" y="-162.5" z="0.0"/>
			</motors>
			<lights>
				<light id="126"/>
				<light id="127"/>
				<light id="128"/>
			</lights>
			<matrix m00="-0.30901699437494756" m01="-0.0" m02="-0.9510565162951535" m03="-0.0" m10="0.0" m11="1.0" m12="0.0" m13="0.0" m20="0.9510565162951535" m21="0.0" m22="-0.30901699437494756" m23="0.0" m30="-128.86008665435313" m31="0.0" m32="-396.59056729507904" m33="1.0"/>
			<id_sources/>
			<relative_sources/>
		</element>
		<element id="43">
			<motors>
				<motor id="86" offset="162.5">
					<position x="0.0" y="-162.5" z="0.0"/>
					<connectionPosition x="0.0" y="0.0" z="0.0"/>
				</motor>
				<motor id="87" offset="162.5">
					<position x="90.0" y="-162.5" z="0.0"/>
					<connectionPosition x="90.0" y="0.0" z="0.0"/>
				</motor>
				<bounds>
					<point x="45.0" y="-162.5" z="0.0"/>
					<point x="45.0" y="-132.5" z="0.0"/>
				</bounds>
				<centroid x="77.0" y="-162.5" z="0.0"/>
			</motors>
			<lights>
				<light id="129"/>
				<light id="130"/>
				<light id="131"/>
			</lights>
			<matrix m00="-0.2079116908177598" m01="-0.0" m02="-0.9781476007338056" m03="-0.0" m10="0.0" m11="1.0" m12="0.0" m13="0.0" m20="0.9781476007338056" m21="0.0" m22="-0.2079116908177598" m23="0.0" m30="-86.69917507100583" m31="0.0" m32="-407.8875495059969" m33="1.0"/>
			<id_sources/>
			<relative_sources/>
		</element>
		<element id="44">
			<motors>
				<motor id="88" offset="162.5">
					<position x="0.0" y="-162.5" z="0.0"/>
					<connectionPosition x="0.0" y="0.0" z="0.0"/>
				</motor>
				<motor id="89" offset="162.5">
					<position x="90.0" y="-162.5" z="0.0"/>
					<connectionPosition x="90.0" y="0.0" z="0.0"/>
				</motor>
				<bounds>
					<point x="45.0" y="-162.5" z="0.0"/>
					<point x="45.0" y="-132.5" z="0.0"/>
				</bounds>
				<centroid x="77.0" y="-162.5" z="0.0"/>
			</motors>
			<lights>
				<light id="132"/>
				<light id="133"/>
				<light id="134"/>
			</lights>
